HRC_sm_100:MyLog	R(2,100,2,0,0.5,0)	2	100	2	0	CMP	OPTIMAL	1.7624699507368622	1.762469950736862	0.448	0	0	100
HRC_sm_100:MyLog	R(2,100,2,0,0.5,1)	2	100	2	0	CMP	OPTIMAL	1.9311704738353646	1.9311704738353643	0.507	0	0	100
HRC_sm_100:MyLog	R(2,100,2,0,0.5,2)	2	100	2	0	CMP	OPTIMAL	1.586461980649535	1.586461980649535	0.471	0	0	100
HRC_sm_100:MyLog	R(2,100,2,0,0.5,3)	2	100	2	0	CMP	OPTIMAL	1.8975122050639752	1.897512205063975	0.445	0	0	100
HRC_sm_100:MyLog	R(2,100,2,0,0.5,4)	2	100	2	0	CMP	OPTIMAL	1.7916533115105169	1.7916533115105169	0.488	0	0	100
HRC_sm_100:MyLog	R(3,100,2,0,0.5,0)	3	100	2	0	CMP	OPTIMAL	2.8957079334433486	2.8957079334433486	0.635	0	0	100
HRC_sm_100:MyLog	R(3,100,2,0,0.5,1)	3	100	2	0	CMP	OPTIMAL	2.912918060168795	2.9129180601687943	0.601	0	0	100
HRC_sm_100:MyLog	R(3,100,2,0,0.5,2)	3	100	2	0	CMP	OPTIMAL	2.838604873575164	2.8386048735751634	0.635	0	0	100
HRC_sm_100:MyLog	R(3,100,2,0,0.5,3)	3	100	2	0	CMP	OPTIMAL	2.867028213689056	2.867028213689056	0.603	0	0	100
HRC_sm_100:MyLog	R(3,100,2,0,0.5,4)	3	100	2	0	CMP	OPTIMAL	2.8981335543895095	2.8981335543895095	0.605	0	0	100
HRC_sm_100:MyLog	R(5,100,2,0,0.5,0)	5	100	2	0	CMP	OPTIMAL	4.828725279753099	4.828725279753098	0.792	0	0	100
HRC_sm_100:MyLog	R(5,100,2,0,0.5,1)	5	100	2	0	CMP	OPTIMAL	4.849641416096016	4.849641416096016	0.794	0	0	100
HRC_sm_100:MyLog	R(5,100,2,0,0.5,2)	5	100	2	0	CMP	OPTIMAL	4.79331289825394	4.793312898253939	0.761	0	0	100
HRC_sm_100:MyLog	R(5,100,2,0,0.5,3)	5	100	2	0	CMP	OPTIMAL	4.770078206118024	4.770078206118024	0.795	0	0	100
HRC_sm_100:MyLog	R(5,100,2,0,0.5,4)	5	100	2	0	CMP	OPTIMAL	4.801698801569101	4.8016988015691	0.8	0	0	100
HRC_sm_100:MyLog	R(2,100,4,0,0.5,0)	2	100	4	0	CMP	OPTIMAL	2.5256429608289372	2.5256429608289372	1.924	4801	0	100
HRC_sm_100:MyLog	R(2,100,4,0,0.5,1)	2	100	4	0	CMP	OPTIMAL	3.835497291873454	3.835829522046107	1.581	4780	0	100
HRC_sm_100:MyLog	R(2,100,4,0,0.5,2)	2	100	4	0	CMP	OPTIMAL	2.6919532879573125	2.6919532879573125	1.268	5937	0	100
HRC_sm_100:MyLog	R(2,100,4,0,0.5,3)	2	100	4	0	CMP	OPTIMAL	2.519324465003976	2.519324465003976	1.126	3377	0	100
HRC_sm_100:MyLog	R(2,100,4,0,0.5,4)	2	100	4	0	CMP	OPTIMAL	2.7038328078652945	2.703865859946051	1.242	6319	0	100
HRC_sm_100:MyLog	R(3,100,4,0,0.5,0)	3	100	4	0	CMP	OPTIMAL	5.145132048299763	5.145515926431935	10.299	67036	0	100
HRC_sm_100:MyLog	R(3,100,4,0,0.5,1)	3	100	4	0	CMP	OPTIMAL	4.707442384294127	4.707442384294127	1.439	3354	0	100
HRC_sm_100:MyLog	R(3,100,4,0,0.5,2)	3	100	4	0	CMP	OPTIMAL	5.329227289104449	5.32974863291603	7.715	40200	0	100
HRC_sm_100:MyLog	R(3,100,4,0,0.5,3)	3	100	4	0	CMP	OPTIMAL	3.800620028363628	3.8009942692263854	3.482	19580	0	100
HRC_sm_100:MyLog	R(3,100,4,0,0.5,4)	3	100	4	0	CMP	OPTIMAL	4.9262440070828415	4.926319946330424	1.769	5272	0	100
HRC_sm_100:MyLog	R(5,100,4,0,0.5,0)	5	100	4	0	CMP	OPTIMAL	8.351585853254148	8.352389597825281	16.464	115736	0	100
HRC_sm_100:MyLog	R(5,100,4,0,0.5,1)	5	100	4	0	CMP	OPTIMAL	8.110227567196034	8.111028311114046	16.388	96045	0	100
HRC_sm_100:MyLog	R(5,100,4,0,0.5,2)	5	100	4	0	CMP	OPTIMAL	9.117407211998032	9.11778360390951	2.686	4134	0	100
HRC_sm_100:MyLog	R(5,100,4,0,0.5,3)	5	100	4	0	CMP	OPTIMAL	9.084450373096185	9.085333001938874	8.19	40563	0	100
HRC_sm_100:MyLog	R(5,100,4,0,0.5,4)	5	100	4	0	CMP	OPTIMAL	9.098529362446042	9.099430779639087	9.318	49224	0	100
HRC_sm_100:MyLog	R(2,100,6,0,0.5,0)	2	100	6	0	CMP	OPTIMAL	3.685999546626781	3.6863643822127266	22.83	228629	0	100
HRC_sm_100:MyLog	R(2,100,6,0,0.5,1)	2	100	6	0	CMP	OPTIMAL	3.604814955500723	3.604904612393426	21.791	288976	0	100
HRC_sm_100:MyLog	R(2,100,6,0,0.5,2)	2	100	6	0	CMP	OPTIMAL	3.447102575621423	3.4473874498383075	12.811	112929	0	100
HRC_sm_100:MyLog	R(2,100,6,0,0.5,3)	2	100	6	0	CMP	OPTIMAL	3.5897400491113767	3.5900987972519385	911.905	11915295	0	100
HRC_sm_100:MyLog	R(2,100,6,0,0.5,4)	2	100	6	0	CMP	OPTIMAL	4.268029631471823	4.268456380704344	1101.424	11954541	0	100
HRC_sm_100:MyLog	R(3,100,6,0,0.5,0)	3	100	6	0	CMP	FEASIBLE	4.460640534068329	6.192488061064891	1813.729	10699829	0	100
HRC_sm_100:MyLog	R(3,100,6,0,0.5,1)	3	100	6	0	CMP	FEASIBLE	4.7409518144250535	5.318569060698926	1817.668	11274788	0	100
HRC_sm_100:MyLog	R(3,100,6,0,0.5,2)	3	100	6	0	CMP	FEASIBLE	5.434100837510251	5.5440856370368845	1800.069	11026219	0	100
HRC_sm_100:MyLog	R(3,100,6,0,0.5,3)	3	100	6	0	CMP	FEASIBLE	5.239681746431618	5.664683463248252	1812.222	12067147	0	100
HRC_sm_100:MyLog	R(3,100,6,0,0.5,4)	3	100	6	0	CMP	FEASIBLE	5.476362239096833	6.068972042633703	1818.38	11876393	0	100
HRC_sm_100:MyLog	R(5,100,6,0,0.5,0)	5	100	6	0	CMP	FEASIBLE	7.056917025599634	9.299076512004373	1808.414	4927850	0	100
HRC_sm_100:MyLog	R(5,100,6,0,0.5,1)	5	100	6	0	CMP	FEASIBLE	7.227585340321356	9.31340946604308	1807.1	5086493	0	100
HRC_sm_100:MyLog	R(5,100,6,0,0.5,2)	5	100	6	0	CMP	FEASIBLE	8.432836944604682	10.715583130551165	1807.174	4671920	0	100
HRC_sm_100:MyLog	R(5,100,6,0,0.5,3)	5	100	6	0	CMP	OPTIMAL	8.905759267442004	8.906636304406867	72.324	452053	0	100
HRC_sm_100:MyLog	R(5,100,6,0,0.5,4)	5	100	6	0	CMP	FEASIBLE	8.09207152598621	9.426483248254245	1809.664	5987692	0	100
HRC_sm_1000:MyLog	R(2,1000,2,0,0.5,0)	2	1000	2	0	CMP	OPTIMAL	1.7994739183869557	1.7994739183869557	123.138	0	0	1000
HRC_sm_1000:MyLog	R(2,1000,2,0,0.5,1)	2	1000	2	0	CMP	OPTIMAL	1.9937166781097881	1.9937166781097881	125.183	0	0	1000
HRC_sm_1000:MyLog	R(2,1000,2,0,0.5,2)	2	1000	2	0	CMP	OPTIMAL	1.6292852084007972	1.6292852084007972	125.401	0	0	1000
HRC_sm_1000:MyLog	R(2,1000,2,0,0.5,3)	2	1000	2	0	CMP	OPTIMAL	1.9937940457752068	1.9937940457752068	125.136	0	0	1000
HRC_sm_1000:MyLog	R(2,1000,2,0,0.5,4)	2	1000	2	0	CMP	OPTIMAL	1.8487598335030586	1.8487598335030586	122.952	0	0	1000
HRC_sm_1000:MyLog	R(3,1000,2,0,0.5,0)	3	1000	2	0	CMP	OPTIMAL	2.983439320127423	2.983439320127423	185.373	0	0	1000
HRC_sm_1000:MyLog	R(3,1000,2,0,0.5,1)	3	1000	2	0	CMP	OPTIMAL	2.9878997872602384	2.9878997872602384	185.341	0	0	1000
HRC_sm_1000:MyLog	R(3,1000,2,0,0.5,2)	3	1000	2	0	CMP	OPTIMAL	2.994574824991849	2.994574824991849	186.02	0	0	1000
HRC_sm_1000:MyLog	R(3,1000,2,0,0.5,3)	3	1000	2	0	CMP	OPTIMAL	2.9886067497768485	2.9886067497768485	186.472	0	0	1000
HRC_sm_1000:MyLog	R(3,1000,2,0,0.5,4)	3	1000	2	0	CMP	OPTIMAL	2.991309827742165	2.991309827742165	181.262	0	0	1000
HRC_sm_1000:MyLog	R(5,1000,2,0,0.5,0)	5	1000	2	0	CMP	OPTIMAL	4.977422217771215	4.977422217771215	341.524	0	0	1000
HRC_sm_1000:MyLog	R(5,1000,2,0,0.5,1)	5	1000	2	0	CMP	OPTIMAL	4.986975092460565	4.986975092460565	341.524	0	0	1000
HRC_sm_1000:MyLog	R(5,1000,2,0,0.5,2)	5	1000	2	0	CMP	OPTIMAL	4.9875546769000065	4.9875546769000065	343.247	0	0	1000
HRC_sm_1000:MyLog	R(5,1000,2,0,0.5,3)	5	1000	2	0	CMP	OPTIMAL	4.980482308394162	4.980482308394162	341.731	0	0	1000
HRC_sm_1000:MyLog	R(5,1000,2,0,0.5,4)	5	1000	2	0	CMP	OPTIMAL	4.982722908671206	4.982722908671206	339.943	0	0	1000
HRC_sm_1000:MyLog	R(2,1000,4,0,0.5,0)	2	1000	4	0	CMP	OPTIMAL	2.86240272880798	2.8626514885021956	372.782	289694	0	1000
HRC_sm_1000:MyLog	R(2,1000,4,0,0.5,1)	2	1000	4	0	CMP	OPTIMAL	3.9806283372853923	3.980989124671526	278.601	9047	0	1000
HRC_sm_1000:MyLog	R(2,1000,4,0,0.5,2)	2	1000	4	0	CMP	OPTIMAL	2.878748542492469	2.879030387415923	298.749	32674	0	1000
HRC_sm_1000:MyLog	R(2,1000,4,0,0.5,3)	2	1000	4	0	CMP	OPTIMAL	2.7467698268444094	2.7467698268444094	298.478	17202	0	1000
HRC_sm_1000:MyLog	R(2,1000,4,0,0.5,4)	2	1000	4	0	CMP	OPTIMAL	2.8902031859927053	2.8904663342934596	308.512	35476	0	1000
HRC_sm_1000:MyLog	R(3,1000,4,0,0.5,0)	3	1000	4	0	CMP	OPTIMAL	5.463098108556264	5.463109669210068	764.645	342993	0	1000
HRC_sm_1000:MyLog	R(3,1000,4,0,0.5,1)	3	1000	4	0	CMP	OPTIMAL	5.185847049760945	5.186115191917841	637.575	133530	0	1000
HRC_sm_1000:MyLog	R(3,1000,4,0,0.5,2)	3	1000	4	0	CMP	OPTIMAL	5.715185828058556	5.715755701991133	541.894	66455	0	1000
HRC_sm_1000:MyLog	R(3,1000,4,0,0.5,3)	3	1000	4	0	CMP	OPTIMAL	3.9892247043023783	3.9892247043023783	562.192	58161	0	1000
HRC_sm_1000:MyLog	R(3,1000,4,0,0.5,4)	3	1000	4	0	CMP	OPTIMAL	5.208008701853066	5.208525872825286	577.172	128350	0	1000
HRC_sm_1000:MyLog	R(5,1000,4,0,0.5,0)	5	1000	4	0	CMP	OPTIMAL	8.578107480781126	8.57896357602204	1357.735	157339	0	1000
HRC_sm_1000:MyLog	R(5,1000,4,0,0.5,1)	5	1000	4	0	CMP	FEASIBLE	8.606928483009476	8.6464193057781	1800.101	257480	0	1000
HRC_sm_1000:MyLog	R(5,1000,4,0,0.5,2)	5	1000	4	0	CMP	OPTIMAL	9.920067715756987	9.92093967914677	924.169	26253	0	1000
HRC_sm_1000:MyLog	R(5,1000,4,0,0.5,3)	5	1000	4	0	CMP	OPTIMAL	9.470072738469977	9.470072738469977	1701.402	232642	0	1000
HRC_sm_1000:MyLog	R(5,1000,4,0,0.5,4)	5	1000	4	0	CMP	OPTIMAL	9.434031606169414	9.434971429761504	1562.165	188151	0	1000
HRC_sm_1000:MyLog	R(2,1000,6,0,0.5,0)	2	1000	6	0	CMP	FEASIBLE	3.4379075341895673	3.887007020230402	1800.326	417780	0	1000
HRC_sm_1000:MyLog	R(2,1000,6,0,0.5,1)	2	1000	6	0	CMP	FEASIBLE	3.7754848591446053	4.160794666946296	1800.099	644720	0	1000
HRC_sm_1000:MyLog	R(2,1000,6,0,0.5,2)	2	1000	6	0	CMP	FEASIBLE	3.579449860297358	3.8423675117860077	1800.229	846669	0	1000
HRC_sm_1000:MyLog	R(2,1000,6,0,0.5,3)	2	1000	6	0	CMP	FEASIBLE	1.2920650941356753	4.009908537273655	1800.44	208129	0	1000
HRC_sm_1000:MyLog	R(2,1000,6,0,0.5,4)	2	1000	6	0	CMP	FEASIBLE	4.364001592154826	4.4899813971242155	1800.093	668149	0	1000
HRC_sm_1000:MyLog	R(3,1000,6,0,0.5,0)	3	1000	6	0	CMP	FEASIBLE	5.331134069772218	6.509903496973632	1800.39	298078	0	1000
HRC_sm_1000:MyLog	R(3,1000,6,0,0.5,1)	3	1000	6	0	CMP	FEASIBLE	1.9594587244884072	5.809275167309639	1800.098	76368	0	1000
HRC_sm_1000:MyLog	R(3,1000,6,0,0.5,2)	3	1000	6	0	CMP	FEASIBLE	5.707300805286398	6.055013657223755	1800.268	271669	0	1000
HRC_sm_1000:MyLog	R(3,1000,6,0,0.5,3)	3	1000	6	0	CMP	FEASIBLE	4.441271381006347	6.008161076667364	1800.46	200398	0	1000
HRC_sm_1000:MyLog	R(3,1000,6,0,0.5,4)	3	1000	6	0	CMP	FEASIBLE	5.1901592347872025	6.510139786335777	1800.093	258160	0	1000
HRC_sm_40:MyLog	R(2,40,2,0,0.5,0)	2	40	2	0	CMP	OPTIMAL	1.6971619699804346	1.6971619699804346	0.292	0	0	40
HRC_sm_40:MyLog	R(2,40,2,0,0.5,1)	2	40	2	0	CMP	OPTIMAL	1.8493253154569897	1.8493253154569897	0.282	0	0	40
HRC_sm_40:MyLog	R(2,40,2,0,0.5,2)	2	40	2	0	CMP	OPTIMAL	1.529830939293186	1.529830939293186	0.272	0	0	40
HRC_sm_40:MyLog	R(2,40,2,0,0.5,3)	2	40	2	0	CMP	OPTIMAL	1.8267250164114075	1.8267250164114075	0.279	0	0	40
HRC_sm_40:MyLog	R(2,40,2,0,0.5,4)	2	40	2	0	CMP	OPTIMAL	1.6211481265134187	1.6211481265134187	0.312	0	0	40
HRC_sm_40:MyLog	R(3,40,2,0,0.5,0)	3	40	2	0	CMP	OPTIMAL	2.886872812370604	2.886872812370604	0.275	0	0	40
HRC_sm_40:MyLog	R(3,40,2,0,0.5,1)	3	40	2	0	CMP	OPTIMAL	2.859729733861479	2.859729733861479	0.28	0	0	40
HRC_sm_40:MyLog	R(3,40,2,0,0.5,2)	3	40	2	0	CMP	OPTIMAL	2.742467297568969	2.742467297568969	0.279	0	0	40
HRC_sm_40:MyLog	R(3,40,2,0,0.5,3)	3	40	2	0	CMP	OPTIMAL	2.777454052498025	2.777454052498025	0.317	0	0	40
HRC_sm_40:MyLog	R(3,40,2,0,0.5,4)	3	40	2	0	CMP	OPTIMAL	2.625113353469797	2.625113353469797	0.294	0	0	40
HRC_sm_40:MyLog	R(5,40,2,0,0.5,0)	5	40	2	0	CMP	OPTIMAL	4.609826318845598	4.609826318845598	0.357	0	0	40
HRC_sm_40:MyLog	R(5,40,2,0,0.5,1)	5	40	2	0	CMP	OPTIMAL	4.596139040092416	4.596139040092416	0.364	0	0	40
HRC_sm_40:MyLog	R(5,40,2,0,0.5,2)	5	40	2	0	CMP	OPTIMAL	4.563697997838645	4.563697997838645	0.348	0	0	40
HRC_sm_40:MyLog	R(5,40,2,0,0.5,3)	5	40	2	0	CMP	OPTIMAL	4.565759276276374	4.565759276276374	0.349	0	0	40
HRC_sm_40:MyLog	R(5,40,2,0,0.5,4)	5	40	2	0	CMP	OPTIMAL	4.612066116746789	4.612066116746789	0.328	0	0	40
HRC_sm_40:MyLog	R(2,40,4,0,0.5,0)	2	40	4	0	CMP	OPTIMAL	2.3193105513061054	2.3193105513061054	0.58	1613	0	40
HRC_sm_40:MyLog	R(2,40,4,0,0.5,1)	2	40	4	0	CMP	OPTIMAL	3.1849743166970086	3.185058069615202	0.526	1251	0	40
HRC_sm_40:MyLog	R(2,40,4,0,0.5,2)	2	40	4	0	CMP	OPTIMAL	2.3993201677249183	2.3993201677249183	0.531	1972	0	40
HRC_sm_40:MyLog	R(2,40,4,0,0.5,3)	2	40	4	0	CMP	OPTIMAL	2.0699251712220885	2.0699251712220885	0.796	1807	0	40
HRC_sm_40:MyLog	R(2,40,4,0,0.5,4)	2	40	4	0	CMP	OPTIMAL	2.2240745703697	2.2240745703697	0.5	1623	0	40
HRC_sm_40:MyLog	R(3,40,4,0,0.5,0)	3	40	4	0	CMP	OPTIMAL	4.579858203285543	4.579858203285543	0.684	2239	0	40
HRC_sm_40:MyLog	R(3,40,4,0,0.5,1)	3	40	4	0	CMP	OPTIMAL	4.14980522710113	4.14980522710113	0.611	554	0	40
HRC_sm_40:MyLog	R(3,40,4,0,0.5,2)	3	40	4	0	CMP	OPTIMAL	4.845847106272256	4.845847106272256	0.588	1598	0	40
HRC_sm_40:MyLog	R(3,40,4,0,0.5,3)	3	40	4	0	CMP	OPTIMAL	3.5930692633901415	3.5933815426035247	1.088	4123	0	40
HRC_sm_40:MyLog	R(3,40,4,0,0.5,4)	3	40	4	0	CMP	OPTIMAL	4.118679500709303	4.118679500709303	0.708	1383	0	40
HRC_sm_40:MyLog	R(5,40,4,0,0.5,0)	5	40	4	0	CMP	OPTIMAL	7.483781780856076	7.483781780856076	1.075	5133	0	40
HRC_sm_40:MyLog	R(5,40,4,0,0.5,1)	5	40	4	0	CMP	OPTIMAL	7.050881305722716	7.051535760429587	0.899	2978	0	40
HRC_sm_40:MyLog	R(5,40,4,0,0.5,2)	5	40	4	0	CMP	OPTIMAL	7.820335208286558	7.820335208286558	0.716	1039	0	40
HRC_sm_40:MyLog	R(5,40,4,0,0.5,3)	5	40	4	0	CMP	OPTIMAL	8.253763744760061	8.253763744760061	0.829	3104	0	40
HRC_sm_40:MyLog	R(5,40,4,0,0.5,4)	5	40	4	0	CMP	OPTIMAL	8.116605711013204	8.117356595646186	0.811	1552	0	40
HRC_sm_40:MyLog	R(2,40,6,0,0.5,0)	2	40	6	0	CMP	OPTIMAL	3.26524242518088	3.2655676658853716	225.524	4131405	0	40
HRC_sm_40:MyLog	R(2,40,6,0,0.5,1)	2	40	6	0	CMP	OPTIMAL	2.701562662888501	2.7018209464416216	24.946	375423	0	40
HRC_sm_40:MyLog	R(2,40,6,0,0.5,2)	2	40	6	0	CMP	OPTIMAL	2.7288444981128976	2.728992570210978	1.756	18344	0	40
HRC_sm_40:MyLog	R(2,40,6,0,0.5,3)	2	40	6	0	CMP	OPTIMAL	2.4554405727671034	2.4555320402355534	0.986	8516	0	40
HRC_sm_40:MyLog	R(2,40,6,0,0.5,4)	2	40	6	0	CMP	OPTIMAL	3.3385607805331348	3.3388939342450445	51.065	817703	0	40
HRC_sm_40:MyLog	R(3,40,6,0,0.5,0)	3	40	6	0	CMP	OPTIMAL	5.357698064635723	5.358232447785547	270.969	4193245	0	40
HRC_sm_40:MyLog	R(3,40,6,0,0.5,1)	3	40	6	0	CMP	OPTIMAL	4.440383363585942	4.440826968386522	370.085	4039869	0	40
HRC_sm_40:MyLog	R(3,40,6,0,0.5,2)	3	40	6	0	CMP	OPTIMAL	5.1869211596950295	5.1874391585027295	303.408	4906109	0	40
HRC_sm_40:MyLog	R(3,40,6,0,0.5,3)	3	40	6	0	CMP	OPTIMAL	4.311826047778074	4.312255759099242	79.259	949039	0	40
HRC_sm_40:MyLog	R(3,40,6,0,0.5,4)	3	40	6	0	CMP	OPTIMAL	4.636886225669476	4.637348597942698	102.53	1358670	0	40
HRC_sm_40:MyLog	R(5,40,6,0,0.5,0)	5	40	6	0	CMP	OPTIMAL	8.856378118316066	8.857263618955573	1372.717	19437623	0	40
HRC_sm_40:MyLog	R(5,40,6,0,0.5,1)	5	40	6	0	CMP	OPTIMAL	8.185263225442952	8.186052787125636	9.122	90213	0	40
HRC_sm_40:MyLog	R(5,40,6,0,0.5,2)	5	40	6	0	CMP	OPTIMAL	8.793897456275426	8.794768418497025	350.308	3501295	0	40
HRC_sm_40:MyLog	R(5,40,6,0,0.5,3)	5	40	6	0	CMP	OPTIMAL	7.656030550012923	7.656782237553498	110.092	800601	0	40
HRC_sm_40:MyLog	R(5,40,6,0,0.5,4)	5	40	6	0	CMP	OPTIMAL	8.6566559485116	8.657353862783731	12.781	118434	0	40
HRC_sm_400:MyLog	R(2,400,2,0,0.5,0)	2	400	2	0	CMP	OPTIMAL	1.7861487413623334	1.7861487413623334	8.109	0	0	400
HRC_sm_400:MyLog	R(2,400,2,0,0.5,1)	2	400	2	0	CMP	OPTIMAL	1.9885100121018815	1.9885100121018815	8.195	0	0	400
HRC_sm_400:MyLog	R(2,400,2,0,0.5,2)	2	400	2	0	CMP	OPTIMAL	1.6175016263911814	1.6175016263911814	8.111	0	0	400
HRC_sm_400:MyLog	R(2,400,2,0,0.5,3)	2	400	2	0	CMP	OPTIMAL	1.984347717253241	1.984347717253241	8.0	0	0	400
HRC_sm_400:MyLog	R(2,400,2,0,0.5,4)	2	400	2	0	CMP	OPTIMAL	1.8437867186084957	1.8437867186084957	8.08	0	0	400
HRC_sm_400:MyLog	R(3,400,2,0,0.5,0)	3	400	2	0	CMP	OPTIMAL	2.9778484591219287	2.9778484591219287	12.033	0	0	400
HRC_sm_400:MyLog	R(3,400,2,0,0.5,1)	3	400	2	0	CMP	OPTIMAL	2.966983817093103	2.966983817093103	11.874	0	0	400
HRC_sm_400:MyLog	R(3,400,2,0,0.5,2)	3	400	2	0	CMP	OPTIMAL	2.9816448982716883	2.9816448982716883	11.829	0	0	400
HRC_sm_400:MyLog	R(3,400,2,0,0.5,3)	3	400	2	0	CMP	OPTIMAL	2.9769965046074054	2.9769965046074054	11.74	0	0	400
HRC_sm_400:MyLog	R(3,400,2,0,0.5,4)	3	400	2	0	CMP	OPTIMAL	2.964909794776609	2.964909794776609	11.829	0	0	400
HRC_sm_400:MyLog	R(5,400,2,0,0.5,0)	5	400	2	0	CMP	OPTIMAL	4.954844228469541	4.954844228469541	21.37	0	0	400
HRC_sm_400:MyLog	R(5,400,2,0,0.5,1)	5	400	2	0	CMP	OPTIMAL	4.936852186892676	4.936852186892676	20.919	0	0	400
HRC_sm_400:MyLog	R(5,400,2,0,0.5,2)	5	400	2	0	CMP	OPTIMAL	4.960205279890296	4.960205279890296	21.319	0	0	400
HRC_sm_400:MyLog	R(5,400,2,0,0.5,3)	5	400	2	0	CMP	OPTIMAL	4.957011210782222	4.957011210782222	21.258	0	0	400
HRC_sm_400:MyLog	R(5,400,2,0,0.5,4)	5	400	2	0	CMP	OPTIMAL	4.963295355413669	4.963295355413669	21.141	0	0	400
HRC_sm_400:MyLog	R(2,400,4,0,0.5,0)	2	400	4	0	CMP	OPTIMAL	2.799877900705028	2.8000717786683107	30.246	53122	0	400
HRC_sm_400:MyLog	R(2,400,4,0,0.5,1)	2	400	4	0	CMP	OPTIMAL	3.9533284334690135	3.9533284334690135	18.963	8739	0	400
HRC_sm_400:MyLog	R(2,400,4,0,0.5,2)	2	400	4	0	CMP	OPTIMAL	2.854588642278347	2.8546837652400354	35.675	38052	0	400
HRC_sm_400:MyLog	R(2,400,4,0,0.5,3)	2	400	4	0	CMP	OPTIMAL	2.7198485226241385	2.7198485226241385	25.231	32510	0	400
HRC_sm_400:MyLog	R(2,400,4,0,0.5,4)	2	400	4	0	CMP	OPTIMAL	2.87008267700889	2.87008267700889	31.944	41598	0	400
HRC_sm_400:MyLog	R(3,400,4,0,0.5,0)	3	400	4	0	CMP	OPTIMAL	5.399953118787992	5.4004185004002885	110.955	155693	0	400
HRC_sm_400:MyLog	R(3,400,4,0,0.5,1)	3	400	4	0	CMP	OPTIMAL	5.108238152720985	5.1086261115517875	63.672	57194	0	400
HRC_sm_400:MyLog	R(3,400,4,0,0.5,2)	3	400	4	0	CMP	OPTIMAL	5.696251377443647	5.696803040996661	80.646	104649	0	400
HRC_sm_400:MyLog	R(3,400,4,0,0.5,3)	3	400	4	0	CMP	OPTIMAL	3.9557395581821844	3.955997373805419	46.358	26402	0	400
HRC_sm_400:MyLog	R(3,400,4,0,0.5,4)	3	400	4	0	CMP	OPTIMAL	5.138551644471186	5.139052390685624	70.852	66448	0	400
HRC_sm_400:MyLog	R(5,400,4,0,0.5,0)	5	400	4	0	CMP	OPTIMAL	8.51071197363461	8.511561645794377	424.952	331799	0	400
HRC_sm_400:MyLog	R(5,400,4,0,0.5,1)	5	400	4	0	CMP	OPTIMAL	8.514584508936004	8.515430717056724	165.438	224899	0	400
HRC_sm_400:MyLog	R(5,400,4,0,0.5,2)	5	400	4	0	CMP	OPTIMAL	9.816538150636053	9.81749766777059	142.203	44411	0	400
HRC_sm_400:MyLog	R(5,400,4,0,0.5,3)	5	400	4	0	CMP	OPTIMAL	9.430379602714574	9.431321348660315	365.434	403280	0	400
HRC_sm_400:MyLog	R(5,400,4,0,0.5,4)	5	400	4	0	CMP	OPTIMAL	9.386399341562132	9.387332102129196	314.193	437718	0	400
HRC_sm_400:MyLog	R(2,400,6,0,0.5,0)	2	400	6	0	CMP	OPTIMAL	3.7821482116129177	3.7821482116129177	207.299	592129	0	400
HRC_sm_400:MyLog	R(2,400,6,0,0.5,1)	2	400	6	0	CMP	OPTIMAL	4.077332776572897	4.077739777569726	775.331	3450988	0	400
HRC_sm_400:MyLog	R(2,400,6,0,0.5,2)	2	400	6	0	CMP	OPTIMAL	3.770531909085619	3.7709087897214753	620.153	2953310	0	400
HRC_sm_400:MyLog	R(2,400,6,0,0.5,3)	2	400	6	0	CMP	OPTIMAL	3.9362714696397525	3.936660904161158	194.449	617670	0	400
HRC_sm_400:MyLog	R(2,400,6,0,0.5,4)	2	400	6	0	CMP	FEASIBLE	3.232857118925746	4.43325971613989	1803.981	2205280	0	400
HRC_sm_400:MyLog	R(3,400,6,0,0.5,0)	3	400	6	0	CMP	OPTIMAL	6.43487759792407	6.435521124116059	1751.868	2706533	0	400
HRC_sm_400:MyLog	R(3,400,6,0,0.5,1)	3	400	6	0	CMP	OPTIMAL	5.75617267242353	5.7567077166319685	756.367	1149096	0	400
HRC_sm_400:MyLog	R(3,400,6,0,0.5,2)	3	400	6	0	CMP	FEASIBLE	4.024012568286925	5.973012696198994	1800.181	961489	0	400
HRC_sm_400:MyLog	R(3,400,6,0,0.5,3)	3	400	6	0	CMP	OPTIMAL	5.950306553918603	5.950899075706107	740.466	1055012	0	400
HRC_sm_400:MyLog	R(3,400,6,0,0.5,4)	3	400	6	0	CMP	OPTIMAL	6.457167738599141	6.45781032129563	1441.721	2552737	0	400
HRC_sm_400:MyLog	R(5,400,6,0,0.5,0)	5	400	6	0	CMP	FEASIBLE	9.11661854492802	9.711030392760819	1800.084	1192949	0	400
HRC_sm_400:MyLog	R(5,400,6,0,0.5,1)	5	400	6	0	CMP	FEASIBLE	9.7109160062356	9.900497476617018	1800.135	1804319	0	400
HRC_sm_400:MyLog	R(5,400,6,0,0.5,2)	5	400	6	0	CMP	FEASIBLE	10.748192369195117	11.085808266314435	1800.178	1317081	0	400
HRC_sm_400:MyLog	R(5,400,6,0,0.5,3)	5	400	6	0	CMP	FEASIBLE	4.390983904358001	9.664488985714641	1800.343	410333	0	400
HRC_sm_400:MyLog	R(5,400,6,0,0.5,4)	5	400	6	0	CMP	FEASIBLE	4.592952469680483	9.969494432406016	1800.941	353786	0	400
