HRC_rand_1000:MyLog	R(2,1000,4,0,0.5,0)	2	1000	4	0	INC_SM_RAND_0.1_200	OPTIMAL	2.862404591021242	2.8626514885021965	79.369	-1	4	274
HRC_rand_1000:MyLog	R(3,1000,4,0,0.5,0)	3	1000	4	0	INC_SM_RAND_0.1_200	OPTIMAL	5.462581336704616	5.463109669210068	151.282	-1	4	276
HRC_rand_1000:MyLog	R(5,1000,4,0,0.5,0)	5	1000	4	0	INC_SM_RAND_0.1_200	OPTIMAL	8.578106041364027	8.578963576022042	837.189	-1	6	261
HRC_rand_1000:MyLog	R(2,1000,4,0,0.5,0)	2	1000	4	0	INC_SM_RAND_0.1_100	OPTIMAL	2.8623680363525437	2.8626514885021965	42.793	-1	5	229
HRC_rand_1000:MyLog	R(3,1000,4,0,0.5,0)	3	1000	4	0	INC_SM_RAND_0.1_100	OPTIMAL	5.462564642934857	5.463109669210068	113.744	-1	5	215
HRC_rand_1000:MyLog	R(5,1000,4,0,0.5,0)	5	1000	4	0	INC_SM_RAND_0.1_100	OPTIMAL	8.578108056129706	8.578963576022042	587.643	-1	6	243
HRC_rand_1000:MyLog	R(2,1000,4,0,0.5,0)	2	1000	4	0	INC_SM_RAND_0.1_50	OPTIMAL	2.8624055531633577	2.8626514885021965	16.32	-1	5	168
HRC_rand_1000:MyLog	R(3,1000,4,0,0.5,0)	3	1000	4	0	INC_SM_RAND_0.1_50	OPTIMAL	5.462564849855279	5.463109669210068	70.164	-1	5	168
HRC_rand_1000:MyLog	R(5,1000,4,0,0.5,0)	5	1000	4	0	INC_SM_RAND_0.1_50	OPTIMAL	8.578106902649985	8.578963576022042	108.399	-1	4	155
HRC_rand_1000:MyLog	R(2,1000,4,0,0.5,1)	2	1000	4	0	INC_SM_RAND_0.1_200	OPTIMAL	3.9809891246715248	3.9809891246715248	10.556	-1	2	251
HRC_rand_1000:MyLog	R(3,1000,4,0,0.5,1)	3	1000	4	0	INC_SM_RAND_0.1_200	OPTIMAL	5.186115191917841	5.1861151919178425	43.865	-1	2	304
HRC_rand_1000:MyLog	R(5,1000,4,0,0.5,1)	5	1000	4	0	INC_SM_RAND_0.1_200	OPTIMAL	8.645568395676758	8.646419305778103	337.108	-1	4	323
HRC_rand_1000:MyLog	R(2,1000,4,0,0.5,1)	2	1000	4	0	INC_SM_RAND_0.1_100	OPTIMAL	3.980924302463896	3.9809891246715248	4.547	-1	2	192
HRC_rand_1000:MyLog	R(3,1000,4,0,0.5,1)	3	1000	4	0	INC_SM_RAND_0.1_100	OPTIMAL	5.185616474128182	5.1861151919178425	57.154	-1	8	242
HRC_rand_1000:MyLog	R(5,1000,4,0,0.5,1)	5	1000	4	0	INC_SM_RAND_0.1_100	OPTIMAL	8.645556191844864	8.646419305778101	435.584	-1	7	266
HRC_rand_1000:MyLog	R(2,1000,4,0,0.5,1)	2	1000	4	0	INC_SM_RAND_0.1_50	OPTIMAL	3.9807373218000004	3.9809891246715248	3.046	-1	3	131
HRC_rand_1000:MyLog	R(3,1000,4,0,0.5,1)	3	1000	4	0	INC_SM_RAND_0.1_50	OPTIMAL	5.186115191917841	5.1861151919178425	31.079	-1	7	215
HRC_rand_1000:MyLog	R(5,1000,4,0,0.5,1)	5	1000	4	0	INC_SM_RAND_0.1_50	OPTIMAL	8.645565603817904	8.646419305778103	124.926	-1	5	199
HRC_rand_1000:MyLog	R(2,1000,4,0,0.5,2)	2	1000	4	0	INC_SM_RAND_0.1_200	OPTIMAL	2.8787736232877337	2.8790303874159227	58.173	-1	4	280
HRC_rand_1000:MyLog	R(3,1000,4,0,0.5,2)	3	1000	4	0	INC_SM_RAND_0.1_200	OPTIMAL	5.715194768109505	5.715755701991133	57.05	-1	2	271
HRC_rand_1000:MyLog	R(5,1000,4,0,0.5,2)	5	1000	4	0	INC_SM_RAND_0.1_200	OPTIMAL	9.920071691472792	9.920939679146768	119.644	-1	2	314
HRC_rand_1000:MyLog	R(2,1000,4,0,0.5,2)	2	1000	4	0	INC_SM_RAND_0.1_100	OPTIMAL	2.8787810963673324	2.8790303874159227	39.971	-1	6	227
HRC_rand_1000:MyLog	R(3,1000,4,0,0.5,2)	3	1000	4	0	INC_SM_RAND_0.1_100	OPTIMAL	5.715184777785417	5.715755701991133	48.409	-1	3	207
HRC_rand_1000:MyLog	R(5,1000,4,0,0.5,2)	5	1000	4	0	INC_SM_RAND_0.1_100	OPTIMAL	9.920283930849768	9.920939679146766	27.803	-1	3	239
HRC_rand_1000:MyLog	R(2,1000,4,0,0.5,2)	2	1000	4	0	INC_SM_RAND_0.1_50	OPTIMAL	2.8787430253956785	2.8790303874159227	6.5	-1	3	150
HRC_rand_1000:MyLog	R(3,1000,4,0,0.5,2)	3	1000	4	0	INC_SM_RAND_0.1_50	OPTIMAL	5.715190792976259	5.715755701991133	84.097	-1	6	203
HRC_rand_1000:MyLog	R(5,1000,4,0,0.5,2)	5	1000	4	0	INC_SM_RAND_0.1_50	OPTIMAL	9.920905771159033	9.920939679146768	26.359	-1	5	200
HRC_rand_1000:MyLog	R(2,1000,4,0,0.5,3)	2	1000	4	0	INC_SM_RAND_0.1_200	OPTIMAL	2.74651807273695	2.74676982684441	37.767	-1	4	262
HRC_rand_1000:MyLog	R(3,1000,4,0,0.5,3)	3	1000	4	0	INC_SM_RAND_0.1_200	OPTIMAL	3.988839410171833	3.989224704302379	134.135	-1	5	245
HRC_rand_1000:MyLog	R(5,1000,4,0,0.5,3)	5	1000	4	0	INC_SM_RAND_0.1_200	OPTIMAL	9.469126587277032	9.470072738469977	391.84	-1	3	295
HRC_rand_1000:MyLog	R(2,1000,4,0,0.5,3)	2	1000	4	0	INC_SM_RAND_0.1_100	OPTIMAL	2.746522313310457	2.74676982684441	21.561	-1	4	205
HRC_rand_1000:MyLog	R(3,1000,4,0,0.5,3)	3	1000	4	0	INC_SM_RAND_0.1_100	OPTIMAL	3.9892247043023783	3.989224704302379	49.639	-1	3	204
HRC_rand_1000:MyLog	R(2,1000,4,0,0.5,3)	2	1000	4	0	INC_SM_RAND_0.1_50	OPTIMAL	2.746589605521245	2.74676982684441	27.393	-1	6	206
HRC_rand_1000:MyLog	R(3,1000,4,0,0.5,3)	3	1000	4	0	INC_SM_RAND_0.1_50	OPTIMAL	3.988882246824532	3.989224704302379	45.251	-1	5	169
HRC_rand_1000:MyLog	R(5,1000,4,0,0.5,3)	5	1000	4	0	INC_SM_RAND_0.1_50	OPTIMAL	9.469594638376288	9.470072738469977	347.494	-1	7	178
HRC_rand_1000:MyLog	R(2,1000,4,0,0.5,4)	2	1000	4	0	INC_SM_RAND_0.1_200	OPTIMAL	2.8901902487013444	2.8904663342934587	24.27	-1	3	283
HRC_rand_1000:MyLog	R(3,1000,4,0,0.5,4)	3	1000	4	0	INC_SM_RAND_0.1_200	OPTIMAL	5.208136987708917	5.208525872825286	85.948	-1	3	283
HRC_rand_1000:MyLog	R(5,1000,4,0,0.5,4)	5	1000	4	0	INC_SM_RAND_0.1_200	OPTIMAL	9.43402859396853	9.434971429761505	414.828	-1	4	264
HRC_rand_1000:MyLog	R(2,1000,4,0,0.5,4)	2	1000	4	0	INC_SM_RAND_0.1_100	OPTIMAL	2.8904663342934596	2.8904663342934587	9.676	-1	2	200
HRC_rand_1000:MyLog	R(3,1000,4,0,0.5,4)	3	1000	4	0	INC_SM_RAND_0.1_100	OPTIMAL	5.208020408280147	5.208525872825284	118.72	-1	6	234
HRC_rand_1000:MyLog	R(5,1000,4,0,0.5,4)	5	1000	4	0	INC_SM_RAND_0.1_100	OPTIMAL	9.434028821401256	9.434971429761505	520.218	-1	7	237
HRC_rand_1000:MyLog	R(2,1000,4,0,0.5,4)	2	1000	4	0	INC_SM_RAND_0.1_50	OPTIMAL	2.890466334293459	2.8904663342934587	22.434	-1	7	176
HRC_rand_1000:MyLog	R(3,1000,4,0,0.5,4)	3	1000	4	0	INC_SM_RAND_0.1_50	OPTIMAL	5.208026141680088	5.208525872825286	80.051	-1	7	175
HRC_rand_1000:MyLog	R(5,1000,4,0,0.5,4)	5	1000	4	0	INC_SM_RAND_0.1_50	OPTIMAL	9.43403312188537	9.434971429761505	382.353	-1	8	184
HRC_rand_1000:MyLog	R(2,1000,6,0,0.5,0)	2	1000	6	0	INC_SM_RAND_0.1_200	FEASIBLE	3.457027246675506	3.896903719758109	1800.36	-1	1	250
HRC_rand_1000:MyLog	R(3,1000,6,0,0.5,0)	3	1000	6	0	INC_SM_RAND_0.1_200	FEASIBLE	4.456440014419511	6.536487406553447	1806.698	-1	1	247
HRC_rand_1000:MyLog	R(5,1000,6,0,0.5,0)	5	1000	6	0	INC_SM_RAND_0.1_200	FEASIBLE	9.753889998517415	9.8463466363312	1800.351	-1	2	282
HRC_rand_1000:MyLog	R(2,1000,6,0,0.5,0)	2	1000	6	0	INC_SM_RAND_0.1_100	OPTIMAL	3.8768940175567868	3.8769694271372757	305.718	-1	2	196
HRC_rand_1000:MyLog	R(3,1000,6,0,0.5,0)	3	1000	6	0	INC_SM_RAND_0.1_100	FEASIBLE	5.235706146527066	6.536487406553447	1822.869	-1	1	197
HRC_rand_1000:MyLog	R(5,1000,6,0,0.5,0)	5	1000	6	0	INC_SM_RAND_0.1_100	FEASIBLE	6.973293488961149	9.85103584931596	1806.753	-1	1	195
HRC_rand_1000:MyLog	R(2,1000,6,0,0.5,0)	2	1000	6	0	INC_SM_RAND_0.1_50	FEASIBLE	3.6613239710996055	3.896903719758109	1800.659	-1	2	150
HRC_rand_1000:MyLog	R(3,1000,6,0,0.5,0)	3	1000	6	0	INC_SM_RAND_0.1_50	FEASIBLE	5.7741224126287145	6.536487406553447	1828.167	-1	2	148
HRC_rand_1000:MyLog	R(5,1000,6,0,0.5,0)	5	1000	6	0	INC_SM_RAND_0.1_50	FEASIBLE	8.602131578007885	9.854283671082944	1801.239	-1	2	149
HRC_rand_1000:MyLog	R(2,1000,6,0,0.5,1)	2	1000	6	0	INC_SM_RAND_0.1_200	FEASIBLE	2.837718712163137	4.379104406412402	1810.07	-1	1	308
HRC_rand_1000:MyLog	R(3,1000,6,0,0.5,1)	3	1000	6	0	INC_SM_RAND_0.1_200	FEASIBLE	4.209267794305178	5.845173755270261	1807.298	-1	1	260
HRC_rand_1000:MyLog	R(5,1000,6,0,0.5,1)	5	1000	6	0	INC_SM_RAND_0.1_200	FEASIBLE	6.353385048550837	10.036501194363002	1807.065	-1	1	279
HRC_rand_1000:MyLog	R(2,1000,6,0,0.5,1)	2	1000	6	0	INC_SM_RAND_0.1_100	FEASIBLE	3.5426590489586216	4.196249495816021	1812.688	-1	2	220
HRC_rand_1000:MyLog	R(3,1000,6,0,0.5,1)	3	1000	6	0	INC_SM_RAND_0.1_100	FEASIBLE	5.473453470419261	5.837259494214235	1807.246	-1	2	205
HRC_rand_1000:MyLog	R(5,1000,6,0,0.5,1)	5	1000	6	0	INC_SM_RAND_0.1_100	FEASIBLE	7.580837812859695	10.034228876402981	1810.128	-1	1	198
HRC_rand_1000:MyLog	R(2,1000,6,0,0.5,1)	2	1000	6	0	INC_SM_RAND_0.1_50	FEASIBLE	3.920380345055298	4.256019785607339	1812.498	-1	3	168
HRC_rand_1000:MyLog	R(3,1000,6,0,0.5,1)	3	1000	6	0	INC_SM_RAND_0.1_50	FEASIBLE	5.105302607680689	5.839201826558513	1807.823	-1	2	149
HRC_rand_1000:MyLog	R(5,1000,6,0,0.5,1)	5	1000	6	0	INC_SM_RAND_0.1_50	FEASIBLE	7.736896533614847	10.036501194363002	1809.639	-1	2	145
HRC_rand_1000:MyLog	R(3,1000,6,0,0.5,2)	3	1000	6	0	INC_SM_RAND_0.1_200	FEASIBLE	4.584544287070637	6.082375733479541	1807.448	-1	1	243
HRC_rand_1000:MyLog	R(5,1000,6,0,0.5,2)	5	1000	6	0	INC_SM_RAND_0.1_200	FEASIBLE	6.708519227229213	11.161731628680396	1807.201	-1	1	312
HRC_rand_1000:MyLog	R(2,1000,6,0,0.5,2)	2	1000	6	0	INC_SM_RAND_0.1_100	FEASIBLE	3.8182084410418	3.8563816846459784	1810.082	-1	4	271
HRC_rand_1000:MyLog	R(5,1000,6,0,0.5,2)	5	1000	6	0	INC_SM_RAND_0.1_100	FEASIBLE	7.438798691648988	11.161731628680396	1807.372	-1	1	200
HRC_rand_1000:MyLog	R(2,1000,6,0,0.5,2)	2	1000	6	0	INC_SM_RAND_0.1_50	FEASIBLE	3.767036921887393	3.8516558723698098	1800.505	-1	4	178
HRC_rand_1000:MyLog	R(3,1000,6,0,0.5,2)	3	1000	6	0	INC_SM_RAND_0.1_50	FEASIBLE	5.412203333595713	6.079643527427784	1813.25	-1	2	150
HRC_rand_1000:MyLog	R(5,1000,6,0,0.5,2)	5	1000	6	0	INC_SM_RAND_0.1_50	FEASIBLE	8.617872852038087	11.161731628680396	1818.623	-1	1	100
HRC_rand_1000:MyLog	R(2,1000,6,0,0.5,3)	2	1000	6	0	INC_SM_RAND_0.1_200	FEASIBLE	3.3385452808893334	4.020077261382358	1800.443	-1	1	316
HRC_rand_1000:MyLog	R(3,1000,6,0,0.5,3)	3	1000	6	0	INC_SM_RAND_0.1_200	FEASIBLE	5.993030869338488	6.010619354540199	1800.895	-1	4	291
HRC_rand_1000:MyLog	R(5,1000,6,0,0.5,3)	5	1000	6	0	INC_SM_RAND_0.1_200	FEASIBLE	9.61936117665351	9.730387388142152	1801.66	-1	2	284
HRC_rand_1000:MyLog	R(2,1000,6,0,0.5,3)	2	1000	6	0	INC_SM_RAND_0.1_100	FEASIBLE	3.451139726474603	4.0529332230973285	1807.226	-1	2	234
HRC_rand_1000:MyLog	R(3,1000,6,0,0.5,3)	3	1000	6	0	INC_SM_RAND_0.1_100	FEASIBLE	5.0126692559482375	6.030553966130857	1806.196	-1	1	198
HRC_rand_1000:MyLog	R(5,1000,6,0,0.5,3)	5	1000	6	0	INC_SM_RAND_0.1_100	FEASIBLE	7.608206635346451	9.73915130803267	1809.247	-1	1	200
HRC_rand_1000:MyLog	R(2,1000,6,0,0.5,3)	2	1000	6	0	INC_SM_RAND_0.1_50	OPTIMAL	4.003528214810757	4.00392787895111	698.2	-1	8	240
HRC_rand_1000:MyLog	R(3,1000,6,0,0.5,3)	3	1000	6	0	INC_SM_RAND_0.1_50	FEASIBLE	5.984346417814611	6.017570992218285	1806.128	-1	5	181
HRC_rand_1000:MyLog	R(5,1000,6,0,0.5,3)	5	1000	6	0	INC_SM_RAND_0.1_50	FEASIBLE	8.086033589044396	9.751611344076169	1807.279	-1	2	150
HRC_rand_1000:MyLog	R(2,1000,6,0,0.5,4)	2	1000	6	0	INC_SM_RAND_0.1_200	OPTIMAL	4.485554222284322	4.486002619807401	453.321	-1	3	276
HRC_rand_1000:MyLog	R(3,1000,6,0,0.5,4)	3	1000	6	0	INC_SM_RAND_0.1_200	FEASIBLE	3.7225318189482963	6.54315459472012	1809.077	-1	1	266
HRC_rand_1000:MyLog	R(5,1000,6,0,0.5,4)	5	1000	6	0	INC_SM_RAND_0.1_200	FEASIBLE	7.272247078740061	10.055205648069293	1800.479	-1	1	265
HRC_rand_1000:MyLog	R(2,1000,6,0,0.5,4)	2	1000	6	0	INC_SM_RAND_0.1_100	OPTIMAL	4.485558351601909	4.486002619807401	722.189	-1	3	252
HRC_rand_1000:MyLog	R(3,1000,6,0,0.5,4)	3	1000	6	0	INC_SM_RAND_0.1_100	FEASIBLE	5.245088725806459	6.54315459472012	1815.36	-1	1	191
HRC_rand_1000:MyLog	R(5,1000,6,0,0.5,4)	5	1000	6	0	INC_SM_RAND_0.1_100	FEASIBLE	7.947220670087939	10.055205648069293	1808.853	-1	1	197
HRC_rand_1000:MyLog	R(2,1000,6,0,0.5,4)	2	1000	6	0	INC_SM_RAND_0.1_50	OPTIMAL	4.4855542067879135	4.486002619807401	424.141	-1	5	198
HRC_rand_1000:MyLog	R(3,1000,6,0,0.5,4)	3	1000	6	0	INC_SM_RAND_0.1_50	FEASIBLE	4.846290656426357	6.542436276267355	1815.234	-1	2	144
HRC_rand_1000:MyLog	R(5,1000,6,0,0.5,4)	5	1000	6	0	INC_SM_RAND_0.1_50	FEASIBLE	8.552666004757251	10.055205648069293	1816.59	-1	1	100
HRC_rand_10000:MyLog	R(2,10000,4,0,0.5,0)	2	10000	4	0	INC_SM_RAND_0.1_1000	OPTIMAL	2.8830661553463264	2.8833021919143245	986.544	-1	2	1080
HRC_rand_10000:MyLog	R(5,10000,4,0,0.5,0)	5	10000	4	0	INC_SM_RAND_0.1_1000	FEASIBLE	8.58610829827741	8.613094460601669	1829.274	-1	1	1148
HRC_rand_10000:MyLog	R(2,10000,4,0,0.5,0)	2	10000	4	0	INC_SM_RAND_0.1_500	OPTIMAL	2.8830157601352417	2.8833021919143245	205.138	-1	2	631
HRC_rand_10000:MyLog	R(3,10000,4,0,0.5,0)	3	10000	4	0	INC_SM_RAND_0.1_500	OPTIMAL	5.5082806144983385	5.508827540093374	449.338	-1	2	818
HRC_rand_10000:MyLog	R(5,10000,4,0,0.5,0)	5	10000	4	0	INC_SM_RAND_0.1_500	OPTIMAL	8.611280139064254	8.612141206972034	1000.7	-1	2	746
HRC_rand_10000:MyLog	R(2,10000,4,0,0.5,1)	2	10000	4	0	INC_SM_RAND_0.1_1000	OPTIMAL	3.9974003727321974	3.99765928121145	773.809	-1	2	1053
HRC_rand_10000:MyLog	R(2,10000,4,0,0.5,1)	2	10000	4	0	INC_SM_RAND_0.1_500	OPTIMAL	3.99765928121145	3.99765928121145	159.74	-1	2	710
HRC_rand_10000:MyLog	R(3,10000,4,0,0.5,1)	3	10000	4	0	INC_SM_RAND_0.1_500	OPTIMAL	5.214060309498196	5.214569474868744	594.01	-1	2	921
HRC_rand_10000:MyLog	R(5,10000,4,0,0.5,1)	5	10000	4	0	INC_SM_RAND_0.1_500	FEASIBLE	8.57417094872504	8.691065861353302	1816.118	-1	2	1001
HRC_rand_10000:MyLog	R(2,10000,4,0,0.5,2)	2	10000	4	0	INC_SM_RAND_0.1_1000	OPTIMAL	2.8895918050989278	2.88984770560415	912.204	-1	2	1140
HRC_rand_10000:MyLog	R(2,10000,4,0,0.5,2)	2	10000	4	0	INC_SM_RAND_0.1_500	OPTIMAL	2.8895658286563908	2.88984770560415	248.391	-1	2	736
HRC_rand_10000:MyLog	R(3,10000,4,0,0.5,2)	3	10000	4	0	INC_SM_RAND_0.1_500	OPTIMAL	5.735319534573286	5.735891619981913	1265.727	-1	4	882
HRC_rand_10000:MyLog	R(5,10000,4,0,0.5,3)	5	10000	4	0	INC_SM_RAND_0.1_1000	FEASIBLE	9.250931240840782	9.505266124083585	1819.523	-1	1	1138
HRC_rand_10000:MyLog	R(2,10000,4,0,0.5,3)	2	10000	4	0	INC_SM_RAND_0.1_500	OPTIMAL	2.7671367157668363	2.767321116192421	217.071	-1	2	770
HRC_rand_10000:MyLog	R(3,10000,4,0,0.5,3)	3	10000	4	0	INC_SM_RAND_0.1_500	OPTIMAL	4.007111980987298	4.00751230156074	578.339	-1	3	761
HRC_rand_10000:MyLog	R(2,10000,4,0,0.5,4)	2	10000	4	0	INC_SM_RAND_0.1_500	OPTIMAL	2.9143641972481835	2.914654996341386	190.409	-1	2	739
HRC_rand_10000:MyLog	R(3,10000,4,0,0.5,4)	3	10000	4	0	INC_SM_RAND_0.1_500	OPTIMAL	5.234350095674772	5.234868493849841	1232.932	-1	4	831
HRC_rand_10000:MyLog	R(2,10000,6,0,0.5,0)	2	10000	6	0	INC_SM_RAND_0.1_1000	FEASIBLE	3.778467603977896	3.9195871077265423	1805.349	-1	1	1128
HRC_rand_10000:MyLog	R(3,10000,6,0,0.5,0)	3	10000	6	0	INC_SM_RAND_0.1_1000	FEASIBLE	5.1448429685076915	6.556628144786478	1835.262	-1	1	1109
HRC_rand_10000:MyLog	R(3,10000,6,0,0.5,0)	3	10000	6	0	INC_SM_RAND_0.1_500	FEASIBLE	6.397367668959863	6.556628144786478	1808.382	-1	1	814
HRC_rand_10000:MyLog	R(5,10000,6,0,0.5,0)	5	10000	6	0	INC_SM_RAND_0.1_500	FEASIBLE	8.958911036558915	9.876726985469586	1815.942	-1	1	794
HRC_rand_10000:MyLog	R(2,10000,6,0,0.5,1)	2	10000	6	0	INC_SM_RAND_0.1_1000	FEASIBLE	4.016399702219204	4.235166230969981	1822.416	-1	1	1177
HRC_rand_10000:MyLog	R(3,10000,6,0,0.5,1)	3	10000	6	0	INC_SM_RAND_0.1_1000	FEASIBLE	4.447415687973365	5.861229423879417	1807.902	-1	1	1176
HRC_rand_10000:MyLog	R(3,10000,6,0,0.5,1)	3	10000	6	0	INC_SM_RAND_0.1_500	FEASIBLE	5.680656960698142	5.861217249225779	1809.639	-1	1	906
HRC_rand_10000:MyLog	R(5,10000,6,0,0.5,1)	5	10000	6	0	INC_SM_RAND_0.1_500	FEASIBLE	8.805641893362482	10.062004012198317	1809.523	-1	1	799
HRC_rand_10000:MyLog	R(2,10000,6,0,0.5,2)	2	10000	6	0	INC_SM_RAND_0.1_1000	FEASIBLE	0.9316943725645517	3.8905756923539343	1831.969	-1	1	1221
HRC_rand_10000:MyLog	R(3,10000,6,0,0.5,2)	3	10000	6	0	INC_SM_RAND_0.1_1000	FEASIBLE	5.69983298668912	6.097601807534458	1814.922	-1	1	1170
HRC_rand_10000:MyLog	R(3,10000,6,0,0.5,2)	3	10000	6	0	INC_SM_RAND_0.1_500	FEASIBLE	5.979850291482446	6.097601807534458	1810.348	-1	1	787
HRC_rand_10000:MyLog	R(5,10000,6,0,0.5,2)	5	10000	6	0	INC_SM_RAND_0.1_500	FEASIBLE	9.634177718533069	11.183357526761437	1809.487	-1	1	997
HRC_rand_10000:MyLog	R(2,10000,6,0,0.5,3)	2	10000	6	0	INC_SM_RAND_0.1_1000	FEASIBLE	3.7453121591102105	4.050842393403215	1814.233	-1	1	1158
HRC_rand_10000:MyLog	R(3,10000,6,0,0.5,3)	3	10000	6	0	INC_SM_RAND_0.1_1000	FEASIBLE	4.68479999222226	6.039085436572013	1823.863	-1	1	1105
HRC_rand_10000:MyLog	R(2,10000,6,0,0.5,3)	2	10000	6	0	INC_SM_RAND_0.1_500	FEASIBLE	3.9407179140180455	4.0500760966243075	1803.102	-1	2	950
HRC_rand_10000:MyLog	R(3,10000,6,0,0.5,3)	3	10000	6	0	INC_SM_RAND_0.1_500	FEASIBLE	5.894633623907879	6.039085436572013	1805.733	-1	1	668
HRC_rand_10000:MyLog	R(5,10000,6,0,0.5,3)	5	10000	6	0	INC_SM_RAND_0.1_500	FEASIBLE	9.350842145936104	9.769777206357242	1807.249	-1	1	815
HRC_rand_10000:MyLog	R(2,10000,6,0,0.5,4)	2	10000	6	0	INC_SM_RAND_0.1_1000	FEASIBLE	4.458083945313611	4.520101550376333	1814.433	-1	1	1148
HRC_rand_10000:MyLog	R(3,10000,6,0,0.5,4)	3	10000	6	0	INC_SM_RAND_0.1_1000	FEASIBLE	5.004282123565069	6.554849940644861	1814.905	-1	1	1078
HRC_rand_10000:MyLog	R(2,10000,6,0,0.5,4)	2	10000	6	0	INC_SM_RAND_0.1_500	FEASIBLE	3.0961248838594857	4.52079355592676	1802.589	-1	1	722
HRC_rand_10000:MyLog	R(3,10000,6,0,0.5,4)	3	10000	6	0	INC_SM_RAND_0.1_500	FEASIBLE	6.4764745419756515	6.556224766501137	1804.676	-1	1	746
HRC_rand_10000:MyLog	R(5,10000,6,0,0.5,4)	5	10000	6	0	INC_SM_RAND_0.1_500	FEASIBLE	9.171936887042595	10.07251160542135	1809.386	-1	1	861
HRC_rand_400:MyLog	R(2,400,4,0,0.5,0)	2	400	4	0	INC_SM_RAND_0.1_80	OPTIMAL	2.799823829949501	2.800071778668311	13.147	-1	4	143
HRC_rand_400:MyLog	R(3,400,4,0,0.5,0)	3	400	4	0	INC_SM_RAND_0.1_80	OPTIMAL	5.4000893511741435	5.4004185004002885	31.866	-1	4	176
HRC_rand_400:MyLog	R(5,400,4,0,0.5,0)	5	400	4	0	INC_SM_RAND_0.1_80	OPTIMAL	8.51072379844203	8.511561645794378	98.194	-1	3	143
HRC_rand_400:MyLog	R(2,400,4,0,0.5,0)	2	400	4	0	INC_SM_RAND_0.1_40	OPTIMAL	2.7998112464964655	2.800071778668311	4.653	-1	4	123
HRC_rand_400:MyLog	R(3,400,4,0,0.5,0)	3	400	4	0	INC_SM_RAND_0.1_40	OPTIMAL	5.399918991154814	5.4004185004002885	57.542	-1	7	113
HRC_rand_400:MyLog	R(5,400,4,0,0.5,0)	5	400	4	0	INC_SM_RAND_0.1_40	OPTIMAL	8.51071101480556	8.511561645794378	238.009	-1	6	164
HRC_rand_400:MyLog	R(2,400,4,0,0.5,0)	2	400	4	0	INC_SM_RAND_0.1_20	OPTIMAL	2.7998498763160287	2.800071778668311	5.744	-1	7	104
HRC_rand_400:MyLog	R(3,400,4,0,0.5,0)	3	400	4	0	INC_SM_RAND_0.1_20	OPTIMAL	5.400418500400287	5.400418500400288	27.378	-1	8	106
HRC_rand_400:MyLog	R(5,400,4,0,0.5,0)	5	400	4	0	INC_SM_RAND_0.1_20	OPTIMAL	8.510724900936765	8.511561645794377	211.866	-1	9	122
HRC_rand_400:MyLog	R(2,400,4,0,0.5,1)	2	400	4	0	INC_SM_RAND_0.1_80	OPTIMAL	3.9533092823274023	3.9533284334690157	3.736	-1	2	160
HRC_rand_400:MyLog	R(3,400,4,0,0.5,1)	3	400	4	0	INC_SM_RAND_0.1_80	OPTIMAL	5.108615290641342	5.1086261115517875	13.783	-1	4	168
HRC_rand_400:MyLog	R(5,400,4,0,0.5,1)	5	400	4	0	INC_SM_RAND_0.1_80	OPTIMAL	8.51462680438063	8.515430717056724	55.714	-1	3	173
HRC_rand_400:MyLog	R(2,400,4,0,0.5,1)	2	400	4	0	INC_SM_RAND_0.1_40	OPTIMAL	3.953328433469016	3.953328433469016	2.108	-1	3	98
HRC_rand_400:MyLog	R(3,400,4,0,0.5,1)	3	400	4	0	INC_SM_RAND_0.1_40	OPTIMAL	5.108579670433735	5.1086261115517875	12.741	-1	6	142
HRC_rand_400:MyLog	R(5,400,4,0,0.5,1)	5	400	4	0	INC_SM_RAND_0.1_40	OPTIMAL	8.514609302685297	8.515430717056724	86.389	-1	5	148
HRC_rand_400:MyLog	R(2,400,4,0,0.5,1)	2	400	4	0	INC_SM_RAND_0.1_20	OPTIMAL	3.953328433469016	3.953328433469016	2.97	-1	5	91
HRC_rand_400:MyLog	R(3,400,4,0,0.5,1)	3	400	4	0	INC_SM_RAND_0.1_20	OPTIMAL	5.1086261115517875	5.1086261115517875	3.933	-1	5	98
HRC_rand_400:MyLog	R(5,400,4,0,0.5,1)	5	400	4	0	INC_SM_RAND_0.1_20	OPTIMAL	8.514892435463649	8.515430717056724	84.541	-1	10	135
HRC_rand_400:MyLog	R(2,400,4,0,0.5,2)	2	400	4	0	INC_SM_RAND_0.1_80	OPTIMAL	2.854421490691601	2.8546837652400354	10.341	-1	4	136
HRC_rand_400:MyLog	R(3,400,4,0,0.5,2)	3	400	4	0	INC_SM_RAND_0.1_80	OPTIMAL	5.696252026927221	5.696803040996661	78.909	-1	7	168
HRC_rand_400:MyLog	R(5,400,4,0,0.5,2)	5	400	4	0	INC_SM_RAND_0.1_80	OPTIMAL	9.81679362100399	9.817497667770587	14.108	-1	3	168
HRC_rand_400:MyLog	R(2,400,4,0,0.5,2)	2	400	4	0	INC_SM_RAND_0.1_40	OPTIMAL	2.8544215453666513	2.8546837652400354	6.495	-1	5	114
HRC_rand_400:MyLog	R(3,400,4,0,0.5,2)	3	400	4	0	INC_SM_RAND_0.1_40	OPTIMAL	5.6962538609511135	5.696803040996661	37.073	-1	6	136
HRC_rand_400:MyLog	R(5,400,4,0,0.5,2)	5	400	4	0	INC_SM_RAND_0.1_40	OPTIMAL	9.817497667770585	9.817497667770587	10.04	-1	4	140
HRC_rand_400:MyLog	R(2,400,4,0,0.5,2)	2	400	4	0	INC_SM_RAND_0.1_20	OPTIMAL	2.854578615002372	2.8546837652400354	4.707	-1	6	91
HRC_rand_400:MyLog	R(3,400,4,0,0.5,2)	3	400	4	0	INC_SM_RAND_0.1_20	OPTIMAL	5.696311281513614	5.696803040996661	54.903	-1	9	120
HRC_rand_400:MyLog	R(5,400,4,0,0.5,2)	5	400	4	0	INC_SM_RAND_0.1_20	OPTIMAL	9.816588891534565	9.817497667770587	14.387	-1	7	134
HRC_rand_400:MyLog	R(2,400,4,0,0.5,3)	2	400	4	0	INC_SM_RAND_0.1_80	OPTIMAL	2.7196929211999907	2.7198485226241385	6.981	-1	3	135
HRC_rand_400:MyLog	R(3,400,4,0,0.5,3)	3	400	4	0	INC_SM_RAND_0.1_80	OPTIMAL	3.9556045716257895	3.9559973738054204	35.162	-1	3	151
HRC_rand_400:MyLog	R(5,400,4,0,0.5,3)	5	400	4	0	INC_SM_RAND_0.1_80	OPTIMAL	9.430404743119443	9.431321348660315	161.403	-1	5	182
HRC_rand_400:MyLog	R(2,400,4,0,0.5,3)	2	400	4	0	INC_SM_RAND_0.1_40	OPTIMAL	2.7198395698144413	2.7198485226241385	12.693	-1	7	123
HRC_rand_400:MyLog	R(3,400,4,0,0.5,3)	3	400	4	0	INC_SM_RAND_0.1_40	OPTIMAL	3.9556279358456945	3.9559973738054204	7.528	-1	3	99
HRC_rand_400:MyLog	R(5,400,4,0,0.5,3)	5	400	4	0	INC_SM_RAND_0.1_40	OPTIMAL	9.430384770581453	9.431321348660315	205.056	-1	6	166
HRC_rand_400:MyLog	R(2,400,4,0,0.5,3)	2	400	4	0	INC_SM_RAND_0.1_20	OPTIMAL	2.7195830265288525	2.7198485226241385	9.7	-1	8	113
HRC_rand_400:MyLog	R(3,400,4,0,0.5,3)	3	400	4	0	INC_SM_RAND_0.1_20	OPTIMAL	3.9556242009470353	3.9559973738054204	23.152	-1	7	113
HRC_rand_400:MyLog	R(5,400,4,0,0.5,3)	5	400	4	0	INC_SM_RAND_0.1_20	OPTIMAL	9.430378538023128	9.431321348660315	122.309	-1	8	128
HRC_rand_400:MyLog	R(2,400,4,0,0.5,4)	2	400	4	0	INC_SM_RAND_0.1_80	OPTIMAL	2.869898383933237	2.8700826770088916	6.335	-1	3	139
HRC_rand_400:MyLog	R(3,400,4,0,0.5,4)	3	400	4	0	INC_SM_RAND_0.1_80	OPTIMAL	5.13855257124321	5.139052390685625	16.063	-1	3	149
HRC_rand_400:MyLog	R(5,400,4,0,0.5,4)	5	400	4	0	INC_SM_RAND_0.1_80	OPTIMAL	9.386404936691745	9.387332102129196	86.86	-1	3	140
HRC_rand_400:MyLog	R(2,400,4,0,0.5,4)	2	400	4	0	INC_SM_RAND_0.1_40	OPTIMAL	2.869906513145884	2.8700826770088916	5.712	-1	5	103
HRC_rand_400:MyLog	R(3,400,4,0,0.5,4)	3	400	4	0	INC_SM_RAND_0.1_40	OPTIMAL	5.138551286006143	5.139052390685625	8.968	-1	4	121
HRC_rand_400:MyLog	R(5,400,4,0,0.5,4)	5	400	4	0	INC_SM_RAND_0.1_40	OPTIMAL	9.38640574885266	9.387332102129196	217.96	-1	7	146
HRC_rand_400:MyLog	R(2,400,4,0,0.5,4)	2	400	4	0	INC_SM_RAND_0.1_20	OPTIMAL	2.87008267700889	2.8700826770088916	11.977	-1	10	122
HRC_rand_400:MyLog	R(3,400,4,0,0.5,4)	3	400	4	0	INC_SM_RAND_0.1_20	OPTIMAL	5.138563895273881	5.139052390685625	12.872	-1	6	95
HRC_rand_400:MyLog	R(5,400,4,0,0.5,4)	5	400	4	0	INC_SM_RAND_0.1_20	OPTIMAL	9.386396322309281	9.387332102129195	171.364	-1	9	149
HRC_rand_400:MyLog	R(2,400,6,0,0.5,0)	2	400	6	0	INC_SM_RAND_0.1_80	OPTIMAL	3.781775990844707	3.782148211612918	772.861	-1	2	133
HRC_rand_400:MyLog	R(3,400,6,0,0.5,0)	3	400	6	0	INC_SM_RAND_0.1_80	FEASIBLE	5.95139528911357	6.485843567351688	1800.429	-1	1	142
HRC_rand_400:MyLog	R(5,400,6,0,0.5,0)	5	400	6	0	INC_SM_RAND_0.1_80	FEASIBLE	8.11100438829786	9.804755487686545	1812.412	-1	1	150
HRC_rand_400:MyLog	R(2,400,6,0,0.5,0)	2	400	6	0	INC_SM_RAND_0.1_40	OPTIMAL	3.7817713245845814	3.782148211612918	1335.882	-1	4	107
HRC_rand_400:MyLog	R(3,400,6,0,0.5,0)	3	400	6	0	INC_SM_RAND_0.1_40	FEASIBLE	5.725360401920696	6.472345688956201	1811.366	-1	2	117
HRC_rand_400:MyLog	R(5,400,6,0,0.5,0)	5	400	6	0	INC_SM_RAND_0.1_40	FEASIBLE	8.12358255083242	9.804755487686545	1813.266	-1	2	113
HRC_rand_400:MyLog	R(3,400,6,0,0.5,0)	3	400	6	0	INC_SM_RAND_0.1_20	FEASIBLE	5.798812475924735	6.486075123082921	1801.094	-1	4	99
HRC_rand_400:MyLog	R(5,400,6,0,0.5,0)	5	400	6	0	INC_SM_RAND_0.1_20	FEASIBLE	8.523906981848633	9.797788404190154	1810.098	-1	3	79
HRC_rand_400:MyLog	R(2,400,6,0,0.5,1)	2	400	6	0	INC_SM_RAND_0.1_80	FEASIBLE	3.9494576095659957	4.168752198993602	1808.049	-1	3	180
HRC_rand_400:MyLog	R(3,400,6,0,0.5,1)	3	400	6	0	INC_SM_RAND_0.1_80	OPTIMAL	5.756134412547056	5.75670771663197	1618.436	-1	3	171
HRC_rand_400:MyLog	R(5,400,6,0,0.5,1)	5	400	6	0	INC_SM_RAND_0.1_80	FEASIBLE	7.690491114394819	9.945692708003568	1807.093	-1	1	146
HRC_rand_400:MyLog	R(2,400,6,0,0.5,1)	2	400	6	0	INC_SM_RAND_0.1_40	FEASIBLE	4.0249815683209444	4.10865884216213	1808.981	-1	4	147
HRC_rand_400:MyLog	R(3,400,6,0,0.5,1)	3	400	6	0	INC_SM_RAND_0.1_40	FEASIBLE	5.637963042482634	5.797800706141077	1800.952	-1	3	132
HRC_rand_400:MyLog	R(5,400,6,0,0.5,1)	5	400	6	0	INC_SM_RAND_0.1_40	FEASIBLE	9.454002794735253	9.930018458171567	1805.436	-1	3	138
HRC_rand_400:MyLog	R(2,400,6,0,0.5,1)	2	400	6	0	INC_SM_RAND_0.1_20	FEASIBLE	3.5699437601877593	4.277633961853804	1808.448	-1	4	96
HRC_rand_400:MyLog	R(3,400,6,0,0.5,1)	3	400	6	0	INC_SM_RAND_0.1_20	FEASIBLE	5.339111930895573	5.810165910020089	1805.211	-1	4	93
HRC_rand_400:MyLog	R(5,400,6,0,0.5,1)	5	400	6	0	INC_SM_RAND_0.1_20	FEASIBLE	7.960134982072575	9.951790310017262	1806.98	-1	3	78
HRC_rand_400:MyLog	R(2,400,6,0,0.5,2)	2	400	6	0	INC_SM_RAND_0.1_80	FEASIBLE	3.7124690939957863	3.784381705276354	1808.212	-1	3	168
HRC_rand_400:MyLog	R(5,400,6,0,0.5,2)	5	400	6	0	INC_SM_RAND_0.1_80	FEASIBLE	8.39234745850921	11.143009046656168	1813.606	-1	1	160
HRC_rand_400:MyLog	R(2,400,6,0,0.5,2)	2	400	6	0	INC_SM_RAND_0.1_40	OPTIMAL	3.770532614528768	3.770908789721477	144.554	-1	5	127
HRC_rand_400:MyLog	R(3,400,6,0,0.5,2)	3	400	6	0	INC_SM_RAND_0.1_40	FEASIBLE	5.770263650892742	5.972063499014979	1800.677	-1	3	122
HRC_rand_400:MyLog	R(5,400,6,0,0.5,2)	5	400	6	0	INC_SM_RAND_0.1_40	FEASIBLE	9.292816099464199	11.138804277990372	1805.834	-1	2	117
HRC_rand_400:MyLog	R(2,400,6,0,0.5,2)	2	400	6	0	INC_SM_RAND_0.1_20	FEASIBLE	3.5949480686908712	3.8051011701454147	1800.647	-1	5	114
HRC_rand_400:MyLog	R(3,400,6,0,0.5,2)	3	400	6	0	INC_SM_RAND_0.1_20	FEASIBLE	5.7628605766030265	6.058884404351363	1800.106	-1	4	89
HRC_rand_400:MyLog	R(5,400,6,0,0.5,2)	5	400	6	0	INC_SM_RAND_0.1_20	FEASIBLE	8.523448109229879	11.131275208964327	1814.127	-1	3	79
HRC_rand_400:MyLog	R(2,400,6,0,0.5,3)	2	400	6	0	INC_SM_RAND_0.1_80	OPTIMAL	3.9362684128111294	3.9366609041611635	454.501	-1	3	175
HRC_rand_400:MyLog	R(3,400,6,0,0.5,3)	3	400	6	0	INC_SM_RAND_0.1_80	OPTIMAL	5.950304246193407	5.950899075706109	1560.546	-1	2	157
HRC_rand_400:MyLog	R(5,400,6,0,0.5,3)	5	400	6	0	INC_SM_RAND_0.1_80	FEASIBLE	8.362333498550859	9.719606575800988	1814.035	-1	1	148
HRC_rand_400:MyLog	R(2,400,6,0,0.5,3)	2	400	6	0	INC_SM_RAND_0.1_40	FEASIBLE	3.809600272137981	3.9833671845813674	1800.756	-1	3	126
HRC_rand_400:MyLog	R(3,400,6,0,0.5,3)	3	400	6	0	INC_SM_RAND_0.1_40	FEASIBLE	5.635311192667722	5.997768108706881	1801.016	-1	3	140
HRC_rand_400:MyLog	R(5,400,6,0,0.5,3)	5	400	6	0	INC_SM_RAND_0.1_40	FEASIBLE	8.288473505591488	9.719606575800988	1800.542	-1	2	119
HRC_rand_400:MyLog	R(2,400,6,0,0.5,3)	2	400	6	0	INC_SM_RAND_0.1_20	FEASIBLE	3.7770120508548866	3.9902027767534536	1800.247	-1	6	133
HRC_rand_400:MyLog	R(3,400,6,0,0.5,3)	3	400	6	0	INC_SM_RAND_0.1_20	FEASIBLE	5.510482025791999	6.010847331419927	1800.308	-1	4	99
HRC_rand_400:MyLog	R(5,400,6,0,0.5,3)	5	400	6	0	INC_SM_RAND_0.1_20	FEASIBLE	8.629360547412332	9.719606575800988	1800.837	-1	3	78
HRC_rand_400:MyLog	R(2,400,6,0,0.5,4)	2	400	6	0	INC_SM_RAND_0.1_80	FEASIBLE	3.806903094174749	4.483491360589194	1813.323	-1	2	166
HRC_rand_400:MyLog	R(3,400,6,0,0.5,4)	3	400	6	0	INC_SM_RAND_0.1_80	FEASIBLE	5.1141220047544085	6.53477681527809	1811.358	-1	1	160
HRC_rand_400:MyLog	R(5,400,6,0,0.5,4)	5	400	6	0	INC_SM_RAND_0.1_80	FEASIBLE	8.434034579762473	10.040187898908606	1808.931	-1	1	153
HRC_rand_400:MyLog	R(2,400,6,0,0.5,4)	2	400	6	0	INC_SM_RAND_0.1_40	FEASIBLE	4.225619290318933	4.4613263745429474	1800.58	-1	3	129
HRC_rand_400:MyLog	R(3,400,6,0,0.5,4)	3	400	6	0	INC_SM_RAND_0.1_40	FEASIBLE	5.211165651636207	6.53477681527809	1813.401	-1	2	119
HRC_rand_400:MyLog	R(5,400,6,0,0.5,4)	5	400	6	0	INC_SM_RAND_0.1_40	FEASIBLE	8.632902812873906	10.040187898908606	1805.842	-1	2	120
HRC_rand_400:MyLog	R(2,400,6,0,0.5,4)	2	400	6	0	INC_SM_RAND_0.1_20	FEASIBLE	4.366639699064439	4.447165391071271	1800.69	-1	5	107
HRC_rand_400:MyLog	R(3,400,6,0,0.5,4)	3	400	6	0	INC_SM_RAND_0.1_20	FEASIBLE	5.938470927788002	6.514883405986866	1800.259	-1	4	99
HRC_rand_400:MyLog	R(5,400,6,0,0.5,4)	5	400	6	0	INC_SM_RAND_0.1_20	FEASIBLE	8.909335437285932	10.001532993706553	1808.306	-1	3	79
HRC_rand_4000:MyLog	R(2,4000,4,0,0.5,0)	2	4000	4	0	INC_SM_RAND_0.1_800	OPTIMAL	2.8786016321970944	2.8788643918891705	900.561	-1	4	844
HRC_rand_4000:MyLog	R(3,4000,4,0,0.5,0)	3	4000	4	0	INC_SM_RAND_0.1_800	OPTIMAL	5.50383119595876	5.50437749526526	1164.269	-1	3	840
HRC_rand_4000:MyLog	R(2,4000,4,0,0.5,0)	2	4000	4	0	INC_SM_RAND_0.1_400	OPTIMAL	2.8785778399131154	2.8788643918891705	209.624	-1	4	523
HRC_rand_4000:MyLog	R(3,4000,4,0,0.5,0)	3	4000	4	0	INC_SM_RAND_0.1_400	OPTIMAL	5.503892431187619	5.50437749526526	312.023	-1	3	531
HRC_rand_4000:MyLog	R(5,4000,4,0,0.5,0)	5	4000	4	0	INC_SM_RAND_0.1_400	FEASIBLE	8.600350507146969	8.609615129148349	1801.64	-1	3	584
HRC_rand_4000:MyLog	R(2,4000,4,0,0.5,0)	2	4000	4	0	INC_SM_RAND_0.1_200	OPTIMAL	2.8785936579838847	2.8788643918891705	140.761	-1	4	370
HRC_rand_4000:MyLog	R(5,4000,4,0,0.5,0)	5	4000	4	0	INC_SM_RAND_0.1_200	OPTIMAL	8.607952364858207	8.608811053410598	1398.345	-1	4	407
HRC_rand_4000:MyLog	R(2,4000,4,0,0.5,1)	2	4000	4	0	INC_SM_RAND_0.1_800	OPTIMAL	3.9935052002681486	3.9935052002681486	329.6	-1	2	833
HRC_rand_4000:MyLog	R(3,4000,4,0,0.5,1)	3	4000	4	0	INC_SM_RAND_0.1_800	OPTIMAL	5.205843822935913	5.206348675045851	767.141	-1	2	883
HRC_rand_4000:MyLog	R(2,4000,4,0,0.5,1)	2	4000	4	0	INC_SM_RAND_0.1_400	OPTIMAL	3.9931739841226914	3.9935052002681486	76.931	-1	2	493
HRC_rand_4000:MyLog	R(3,4000,4,0,0.5,1)	3	4000	4	0	INC_SM_RAND_0.1_400	OPTIMAL	5.206006254308266	5.206348675045851	308.068	-1	3	569
HRC_rand_4000:MyLog	R(2,4000,4,0,0.5,1)	2	4000	4	0	INC_SM_RAND_0.1_200	OPTIMAL	3.9935052002681486	3.993505200268148	48.956	-1	3	410
HRC_rand_4000:MyLog	R(3,4000,4,0,0.5,1)	3	4000	4	0	INC_SM_RAND_0.1_200	OPTIMAL	5.2058431744414015	5.206348675045851	214.067	-1	4	428
HRC_rand_4000:MyLog	R(5,4000,4,0,0.5,1)	5	4000	4	0	INC_SM_RAND_0.1_200	OPTIMAL	8.683131994445528	8.683993166864717	1068.188	-1	7	504
HRC_rand_4000:MyLog	R(2,4000,4,0,0.5,2)	2	4000	4	0	INC_SM_RAND_0.1_800	OPTIMAL	2.8868976502600017	2.8870651603401685	614.861	-1	3	836
HRC_rand_4000:MyLog	R(3,4000,4,0,0.5,2)	3	4000	4	0	INC_SM_RAND_0.1_800	OPTIMAL	5.73148506967949	5.731738920569828	718.348	-1	2	848
HRC_rand_4000:MyLog	R(5,4000,4,0,0.5,2)	5	4000	4	0	INC_SM_RAND_0.1_800	OPTIMAL	9.979923639109963	9.980671242948414	1431.969	-1	2	924
HRC_rand_4000:MyLog	R(2,4000,4,0,0.5,2)	2	4000	4	0	INC_SM_RAND_0.1_400	OPTIMAL	2.886858919943437	2.8870651603401685	167.407	-1	3	542
HRC_rand_4000:MyLog	R(3,4000,4,0,0.5,2)	3	4000	4	0	INC_SM_RAND_0.1_400	OPTIMAL	5.731167625781061	5.731738920569828	203.395	-1	2	529
HRC_rand_4000:MyLog	R(5,4000,4,0,0.5,2)	5	4000	4	0	INC_SM_RAND_0.1_400	OPTIMAL	9.979954410501765	9.980671242948414	445.63	-1	2	701
HRC_rand_4000:MyLog	R(2,4000,4,0,0.5,2)	2	4000	4	0	INC_SM_RAND_0.1_200	OPTIMAL	2.8867766957069034	2.8870651603401685	43.054	-1	2	400
HRC_rand_4000:MyLog	R(5,4000,4,0,0.5,2)	5	4000	4	0	INC_SM_RAND_0.1_200	OPTIMAL	9.98067124294841	9.980671242948414	162.167	-1	3	460
HRC_rand_4000:MyLog	R(2,4000,4,0,0.5,3)	2	4000	4	0	INC_SM_RAND_0.1_800	OPTIMAL	2.7602263903722593	2.760496906296903	759.755	-1	4	845
HRC_rand_4000:MyLog	R(3,4000,4,0,0.5,3)	3	4000	4	0	INC_SM_RAND_0.1_800	OPTIMAL	4.002799952899089	4.002799952899089	724.265	-1	2	840
HRC_rand_4000:MyLog	R(2,4000,4,0,0.5,3)	2	4000	4	0	INC_SM_RAND_0.1_400	OPTIMAL	2.760220940345769	2.760496906296903	109.548	-1	2	519
HRC_rand_4000:MyLog	R(3,4000,4,0,0.5,3)	3	4000	4	0	INC_SM_RAND_0.1_400	OPTIMAL	4.002799952899089	4.002799952899089	237.664	-1	3	511
HRC_rand_4000:MyLog	R(5,4000,4,0,0.5,3)	5	4000	4	0	INC_SM_RAND_0.1_400	OPTIMAL	9.497542399762738	9.498489091052368	1309.952	-1	4	604
HRC_rand_4000:MyLog	R(2,4000,4,0,0.5,3)	2	4000	4	0	INC_SM_RAND_0.1_200	OPTIMAL	2.7602345028024353	2.760496906296903	74.387	-1	3	440
HRC_rand_4000:MyLog	R(3,4000,4,0,0.5,3)	3	4000	4	0	INC_SM_RAND_0.1_200	OPTIMAL	4.002407055863146	4.002799952899089	150.565	-1	3	379
HRC_rand_4000:MyLog	R(5,4000,4,0,0.5,3)	5	4000	4	0	INC_SM_RAND_0.1_200	OPTIMAL	9.49754202825468	9.498489091052368	1424.263	-1	7	471
HRC_rand_4000:MyLog	R(2,4000,4,0,0.5,4)	2	4000	4	0	INC_SM_RAND_0.1_800	OPTIMAL	2.9109780759986577	2.9112397521774573	997.538	-1	5	825
HRC_rand_4000:MyLog	R(3,4000,4,0,0.5,4)	3	4000	4	0	INC_SM_RAND_0.1_800	OPTIMAL	5.230316276746639	5.23081773906533	1120.708	-1	3	855
HRC_rand_4000:MyLog	R(2,4000,4,0,0.5,4)	2	4000	4	0	INC_SM_RAND_0.1_400	OPTIMAL	2.9110914042830514	2.9112397521774573	233.357	-1	5	506
HRC_rand_4000:MyLog	R(3,4000,4,0,0.5,4)	3	4000	4	0	INC_SM_RAND_0.1_400	OPTIMAL	5.230301904329863	5.23081773906533	234.548	-1	2	609
HRC_rand_4000:MyLog	R(5,4000,4,0,0.5,4)	5	4000	4	0	INC_SM_RAND_0.1_400	OPTIMAL	9.466953961838156	9.467898405472928	728.989	-1	3	544
HRC_rand_4000:MyLog	R(2,4000,4,0,0.5,4)	2	4000	4	0	INC_SM_RAND_0.1_200	OPTIMAL	2.9109773042531923	2.9112397521774573	71.174	-1	3	473
HRC_rand_4000:MyLog	R(3,4000,4,0,0.5,4)	3	4000	4	0	INC_SM_RAND_0.1_200	OPTIMAL	5.230296512663382	5.230817739065329	400.754	-1	5	458
HRC_rand_4000:MyLog	R(5,4000,4,0,0.5,4)	5	4000	4	0	INC_SM_RAND_0.1_200	OPTIMAL	9.466953640986667	9.467898405472928	442.314	-1	3	411
HRC_rand_4000:MyLog	R(2,4000,6,0,0.5,0)	2	4000	6	0	INC_SM_RAND_0.1_800	FEASIBLE	3.847012933417149	3.9130846122321388	1802.104	-1	2	866
HRC_rand_4000:MyLog	R(3,4000,6,0,0.5,0)	3	4000	6	0	INC_SM_RAND_0.1_800	FEASIBLE	6.166195586421273	6.554974152299668	1803.614	-1	1	831
HRC_rand_4000:MyLog	R(5,4000,6,0,0.5,0)	5	4000	6	0	INC_SM_RAND_0.1_800	FEASIBLE	7.663239086770052	9.87232880856589	1815.52	-1	1	850
HRC_rand_4000:MyLog	R(5,4000,6,0,0.5,0)	5	4000	6	0	INC_SM_RAND_0.1_400	FEASIBLE	9.16014080182973	9.87232880856589	1802.424	-1	1	563
HRC_rand_4000:MyLog	R(2,4000,6,0,0.5,0)	2	4000	6	0	INC_SM_RAND_0.1_200	FEASIBLE	3.193568084289392	3.916967980673815	1806.767	-1	1	400
HRC_rand_4000:MyLog	R(3,4000,6,0,0.5,0)	3	4000	6	0	INC_SM_RAND_0.1_200	FEASIBLE	6.51304148460812	6.551879699992771	1802.475	-1	2	407
HRC_rand_4000:MyLog	R(5,4000,6,0,0.5,0)	5	4000	6	0	INC_SM_RAND_0.1_200	FEASIBLE	9.581358705628176	9.868424763559965	1803.089	-1	2	403
HRC_rand_4000:MyLog	R(2,4000,6,0,0.5,1)	2	4000	6	0	INC_SM_RAND_0.1_800	FEASIBLE	3.875548793174847	4.232529141036135	1804.369	-1	1	859
HRC_rand_4000:MyLog	R(3,4000,6,0,0.5,1)	3	4000	6	0	INC_SM_RAND_0.1_800	FEASIBLE	5.6206508866144915	5.856653624818467	1804.496	-1	1	841
HRC_rand_4000:MyLog	R(5,4000,6,0,0.5,1)	5	4000	6	0	INC_SM_RAND_0.1_800	FEASIBLE	7.547914459969798	10.055172432574752	1807.329	-1	1	848
HRC_rand_4000:MyLog	R(2,4000,6,0,0.5,1)	2	4000	6	0	INC_SM_RAND_0.1_400	FEASIBLE	4.156853475323101	4.231591935427004	1800.591	-1	2	630
HRC_rand_4000:MyLog	R(5,4000,6,0,0.5,1)	5	4000	6	0	INC_SM_RAND_0.1_400	FEASIBLE	9.54913019437139	10.055172432574752	1805.838	-1	1	552
HRC_rand_4000:MyLog	R(2,4000,6,0,0.5,1)	2	4000	6	0	INC_SM_RAND_0.1_200	FEASIBLE	4.194496953757432	4.229565651785182	1800.563	-1	3	479
HRC_rand_4000:MyLog	R(3,4000,6,0,0.5,1)	3	4000	6	0	INC_SM_RAND_0.1_200	FEASIBLE	5.735071128184555	5.853802099625023	1802.709	-1	2	425
HRC_rand_4000:MyLog	R(5,4000,6,0,0.5,1)	5	4000	6	0	INC_SM_RAND_0.1_200	FEASIBLE	9.756129300367844	10.055172432574752	1807.409	-1	2	473
HRC_rand_4000:MyLog	R(2,4000,6,0,0.5,2)	2	4000	6	0	INC_SM_RAND_0.1_800	FEASIBLE	1.6574627116058724	3.889222972073874	1809.143	-1	1	907
HRC_rand_4000:MyLog	R(3,4000,6,0,0.5,2)	3	4000	6	0	INC_SM_RAND_0.1_800	FEASIBLE	5.920165167999052	6.096599488928201	1802.091	-1	1	855
HRC_rand_4000:MyLog	R(5,4000,6,0,0.5,2)	5	4000	6	0	INC_SM_RAND_0.1_800	FEASIBLE	8.035647620110165	11.178974449220823	1811.474	-1	1	872
HRC_rand_4000:MyLog	R(5,4000,6,0,0.5,2)	5	4000	6	0	INC_SM_RAND_0.1_400	FEASIBLE	3.9293657518324894	11.178974449220823	1804.09	-1	1	594
HRC_rand_4000:MyLog	R(2,4000,6,0,0.5,2)	2	4000	6	0	INC_SM_RAND_0.1_200	FEASIBLE	3.8815557284932374	3.8847204365770214	1800.377	-1	5	434
HRC_rand_4000:MyLog	R(3,4000,6,0,0.5,2)	3	4000	6	0	INC_SM_RAND_0.1_200	FEASIBLE	5.048691350588346	6.096599488928201	1809.551	-1	1	391
HRC_rand_4000:MyLog	R(5,4000,6,0,0.5,2)	5	4000	6	0	INC_SM_RAND_0.1_200	FEASIBLE	5.989834741516275	11.178974449220823	1805.971	-1	1	397
HRC_rand_4000:MyLog	R(2,4000,6,0,0.5,3)	2	4000	6	0	INC_SM_RAND_0.1_800	FEASIBLE	3.976256658270412	4.039980260010434	1802.548	-1	2	887
HRC_rand_4000:MyLog	R(3,4000,6,0,0.5,3)	3	4000	6	0	INC_SM_RAND_0.1_800	FEASIBLE	5.4420330476021395	6.036617353124938	1803.461	-1	1	835
HRC_rand_4000:MyLog	R(5,4000,6,0,0.5,3)	5	4000	6	0	INC_SM_RAND_0.1_800	FEASIBLE	7.559958170536878	9.762731857731541	1806.549	-1	1	854
HRC_rand_4000:MyLog	R(2,4000,6,0,0.5,3)	2	4000	6	0	INC_SM_RAND_0.1_400	FEASIBLE	3.8872540608506667	4.039474657718678	1800.583	-1	2	614
HRC_rand_4000:MyLog	R(3,4000,6,0,0.5,3)	3	4000	6	0	INC_SM_RAND_0.1_400	FEASIBLE	5.9297151867015865	6.036617353124938	1802.401	-1	1	533
HRC_rand_4000:MyLog	R(5,4000,6,0,0.5,3)	5	4000	6	0	INC_SM_RAND_0.1_400	FEASIBLE	9.594199244137842	9.763590959268877	1806.061	-1	1	585
HRC_rand_4000:MyLog	R(2,4000,6,0,0.5,3)	2	4000	6	0	INC_SM_RAND_0.1_200	OPTIMAL	4.03408466129839	4.034485585774906	843.835	-1	3	455
HRC_rand_4000:MyLog	R(3,4000,6,0,0.5,3)	3	4000	6	0	INC_SM_RAND_0.1_200	FEASIBLE	6.007990164976882	6.035083859547785	1801.895	-1	2	402
HRC_rand_4000:MyLog	R(5,4000,6,0,0.5,3)	5	4000	6	0	INC_SM_RAND_0.1_200	FEASIBLE	6.672375816511744	9.76338704225275	1808.193	-1	1	397
HRC_rand_4000:MyLog	R(3,4000,6,0,0.5,4)	3	4000	6	0	INC_SM_RAND_0.1_800	FEASIBLE	6.054639284598972	6.554592205815154	1803.448	-1	1	842
HRC_rand_4000:MyLog	R(5,4000,6,0,0.5,4)	5	4000	6	0	INC_SM_RAND_0.1_800	FEASIBLE	1.6221675546241512	10.067703075425378	1811.477	-1	1	844
HRC_rand_4000:MyLog	R(2,4000,6,0,0.5,4)	2	4000	6	0	INC_SM_RAND_0.1_400	FEASIBLE	3.2406478691523057	4.520101550376333	1802.477	-1	1	506
HRC_rand_4000:MyLog	R(3,4000,6,0,0.5,4)	3	4000	6	0	INC_SM_RAND_0.1_400	FEASIBLE	3.4773466096377823	6.554592205815154	1805.939	-1	1	554
HRC_rand_4000:MyLog	R(5,4000,6,0,0.5,4)	5	4000	6	0	INC_SM_RAND_0.1_400	FEASIBLE	5.242055846896362	10.067703075425378	1801.967	-1	1	587
HRC_rand_4000:MyLog	R(2,4000,6,0,0.5,4)	2	4000	6	0	INC_SM_RAND_0.1_200	FEASIBLE	3.7802463753252256	4.520101550376333	1807.823	-1	1	400
HRC_rand_4000:MyLog	R(3,4000,6,0,0.5,4)	3	4000	6	0	INC_SM_RAND_0.1_200	FEASIBLE	6.255396184634717	6.552117178698335	1807.339	-1	2	449
HRC_rand_4000:MyLog	R(5,4000,6,0,0.5,4)	5	4000	6	0	INC_SM_RAND_0.1_200	FEASIBLE	9.743259080241524	10.067685672857275	1804.398	-1	2	455
