HRC_cpsat_100:MyLog	R(2,100,2,0,0.5,0)	2	100	2	0	CMP	OPTIMAL	1.7624699506	1.7624699506	0.32	0	0	100
HRC_cpsat_100:MyLog	R(2,100,2,0,0.5,1)	2	100	2	0	CMP	OPTIMAL	1.9311704738	1.9311704738	0.297	0	0	100
HRC_cpsat_100:MyLog	R(2,100,2,0,0.5,2)	2	100	2	0	CMP	OPTIMAL	1.5864619805	1.5864619805	0.297	0	0	100
HRC_cpsat_100:MyLog	R(2,100,2,0,0.5,3)	2	100	2	0	CMP	OPTIMAL	1.8975122049	1.8975122049	0.298	0	0	100
HRC_cpsat_100:MyLog	R(2,100,2,0,0.5,4)	2	100	2	0	CMP	OPTIMAL	1.7916533116	1.7916533116	0.281	0	0	100
HRC_cpsat_100:MyLog	R(3,100,2,0,0.5,0)	3	100	2	0	CMP	OPTIMAL	2.8957079331	2.8957079331	0.416	0	0	100
HRC_cpsat_100:MyLog	R(3,100,2,0,0.5,1)	3	100	2	0	CMP	OPTIMAL	2.9129180601	2.9129180601	0.426	0	0	100
HRC_cpsat_100:MyLog	R(3,100,2,0,0.5,2)	3	100	2	0	CMP	OPTIMAL	2.8386048736	2.8386048736	0.432	0	0	100
HRC_cpsat_100:MyLog	R(3,100,2,0,0.5,3)	3	100	2	0	CMP	OPTIMAL	2.8670282138	2.8670282138	0.429	0	0	100
HRC_cpsat_100:MyLog	R(3,100,2,0,0.5,4)	3	100	2	0	CMP	OPTIMAL	2.8981335544	2.8981335544	0.421	0	0	100
HRC_cpsat_100:MyLog	R(5,100,2,0,0.5,0)	5	100	2	0	CMP	OPTIMAL	4.8287252794	4.8287252794	0.76	0	0	100
HRC_cpsat_100:MyLog	R(5,100,2,0,0.5,1)	5	100	2	0	CMP	OPTIMAL	4.8496414158	4.8496414158	0.812	0	0	100
HRC_cpsat_100:MyLog	R(5,100,2,0,0.5,2)	5	100	2	0	CMP	OPTIMAL	4.7933128982	4.7933128982	0.784	0	0	100
HRC_cpsat_100:MyLog	R(5,100,2,0,0.5,3)	5	100	2	0	CMP	OPTIMAL	4.7700782063	4.7700782063	0.776	0	0	100
HRC_cpsat_100:MyLog	R(5,100,2,0,0.5,4)	5	100	2	0	CMP	OPTIMAL	4.8016988016	4.8016988016	0.762	0	0	100
HRC_cpsat_100:MyLog	R(2,100,4,0,0.5,0)	2	100	4	0	CMP	OPTIMAL	2.5256429606	2.5256429606	0.831	0	0	100
HRC_cpsat_100:MyLog	R(2,100,4,0,0.5,1)	2	100	4	0	CMP	OPTIMAL	3.8358295218	3.8358295218	1.034	0	0	100
HRC_cpsat_100:MyLog	R(2,100,4,0,0.5,2)	2	100	4	0	CMP	OPTIMAL	2.6919532878	2.6919532878	0.711	0	0	100
HRC_cpsat_100:MyLog	R(2,100,4,0,0.5,3)	2	100	4	0	CMP	OPTIMAL	2.519324465	2.519324465	0.755	0	0	100
HRC_cpsat_100:MyLog	R(2,100,4,0,0.5,4)	2	100	4	0	CMP	OPTIMAL	2.70386586	2.70386586	0.889	0	0	100
HRC_cpsat_100:MyLog	R(3,100,4,0,0.5,0)	3	100	4	0	CMP	OPTIMAL	5.145515926	5.145515926	7.837	0	0	100
HRC_cpsat_100:MyLog	R(3,100,4,0,0.5,1)	3	100	4	0	CMP	OPTIMAL	4.7074423842	4.7074423842	1.703	0	0	100
HRC_cpsat_100:MyLog	R(3,100,4,0,0.5,2)	3	100	4	0	CMP	OPTIMAL	5.3297486331	5.3297486331	3.116	0	0	100
HRC_cpsat_100:MyLog	R(3,100,4,0,0.5,3)	3	100	4	0	CMP	OPTIMAL	3.8009942692	3.8009942692	4.231	0	0	100
HRC_cpsat_100:MyLog	R(3,100,4,0,0.5,4)	3	100	4	0	CMP	OPTIMAL	4.9263199463	4.9263199463	1.247	0	0	100
HRC_cpsat_100:MyLog	R(5,100,4,0,0.5,0)	5	100	4	0	CMP	OPTIMAL	8.3523895973	8.3523895973	50.709	0	0	100
HRC_cpsat_100:MyLog	R(5,100,4,0,0.5,1)	5	100	4	0	CMP	OPTIMAL	8.1110283108	8.1110283108	11.305	0	0	100
HRC_cpsat_100:MyLog	R(5,100,4,0,0.5,2)	5	100	4	0	CMP	OPTIMAL	9.1177836038	9.1177836038	3.03	0	0	100
HRC_cpsat_100:MyLog	R(5,100,4,0,0.5,3)	5	100	4	0	CMP	OPTIMAL	9.0853330014	9.0853330014	27.494	0	0	100
HRC_cpsat_100:MyLog	R(5,100,4,0,0.5,4)	5	100	4	0	CMP	OPTIMAL	9.0994307791	9.0994307791	16.95	0	0	100
HRC_cpsat_100:MyLog	R(2,100,6,0,0.5,0)	2	100	6	0	CMP	OPTIMAL	3.686364382	3.686364382	149.085	0	0	100
HRC_cpsat_100:MyLog	R(2,100,6,0,0.5,1)	2	100	6	0	CMP	FEASIBLE	2.916416421	3.6049046122	1800.855	0	0	100
HRC_cpsat_100:MyLog	R(2,100,6,0,0.5,2)	2	100	6	0	CMP	OPTIMAL	3.4473874499	3.4473874499	64.184	0	0	100
HRC_cpsat_100:MyLog	R(2,100,6,0,0.5,3)	2	100	6	0	CMP	OPTIMAL	3.5900987974	3.5900987974	57.931	0	0	100
HRC_cpsat_100:MyLog	R(2,100,6,0,0.5,4)	2	100	6	0	CMP	OPTIMAL	4.2684563806	4.2684563806	138.513	0	0	100
HRC_cpsat_100:MyLog	R(3,100,6,0,0.5,0)	3	100	6	0	CMP	FEASIBLE	4.5813430025	6.1759162565	1800.15	0	0	100
HRC_cpsat_100:MyLog	R(3,100,6,0,0.5,1)	3	100	6	0	CMP	FEASIBLE	3.9447755505	5.3185690604	1800.174	0	0	100
HRC_cpsat_100:MyLog	R(3,100,6,0,0.5,2)	3	100	6	0	CMP	OPTIMAL	5.5440856367	5.5440856367	327.044	0	0	100
HRC_cpsat_100:MyLog	R(3,100,6,0,0.5,3)	3	100	6	0	CMP	FEASIBLE	3.6844308978	5.6646834628	1800.279	0	0	100
HRC_cpsat_100:MyLog	R(3,100,6,0,0.5,4)	3	100	6	0	CMP	OPTIMAL	6.0689720423	6.0689720423	1337.733	0	0	100
HRC_cpsat_100:MyLog	R(5,100,6,0,0.5,0)	5	100	6	0	CMP	FEASIBLE	8.2934285703	9.2990765115	1800.254	0	0	100
HRC_cpsat_100:MyLog	R(5,100,6,0,0.5,1)	5	100	6	0	CMP	FEASIBLE	6.6890776948	9.3134094656	1800.159	0	0	100
HRC_cpsat_100:MyLog	R(5,100,6,0,0.5,2)	5	100	6	0	CMP	FEASIBLE	6.995278088	10.6593783246	1800.276	0	0	100
HRC_cpsat_100:MyLog	R(5,100,6,0,0.5,3)	5	100	6	0	CMP	FEASIBLE	5.2936178883	8.9066363039	1800.144	0	0	100
HRC_cpsat_100:MyLog	R(5,100,6,0,0.5,4)	5	100	6	0	CMP	FEASIBLE	7.8197092862	9.3435973859	1800.174	0	0	100
HRC_cpsat_1000:MyLog	R(2,1000,2,0,0.5,0)	2	1000	2	0	CMP	OPTIMAL	1.7994739182	1.7994739182	6.058	0	0	1000
HRC_cpsat_1000:MyLog	R(2,1000,2,0,0.5,1)	2	1000	2	0	CMP	OPTIMAL	1.9937166781	1.9937166781	5.933	0	0	1000
HRC_cpsat_1000:MyLog	R(2,1000,2,0,0.5,2)	2	1000	2	0	CMP	OPTIMAL	1.6292852083	1.6292852083	6.119	0	0	1000
HRC_cpsat_1000:MyLog	R(2,1000,2,0,0.5,3)	2	1000	2	0	CMP	OPTIMAL	1.9937940458	1.9937940458	5.977	0	0	1000
HRC_cpsat_1000:MyLog	R(2,1000,2,0,0.5,4)	2	1000	2	0	CMP	OPTIMAL	1.8487598335	1.8487598335	5.895	0	0	1000
HRC_cpsat_1000:MyLog	R(3,1000,2,0,0.5,0)	3	1000	2	0	CMP	OPTIMAL	2.9834393197	2.9834393197	8.658	0	0	1000
HRC_cpsat_1000:MyLog	R(3,1000,2,0,0.5,1)	3	1000	2	0	CMP	OPTIMAL	2.987899787	2.987899787	8.405	0	0	1000
HRC_cpsat_1000:MyLog	R(3,1000,2,0,0.5,2)	3	1000	2	0	CMP	OPTIMAL	2.994574825	2.994574825	8.544	0	0	1000
HRC_cpsat_1000:MyLog	R(3,1000,2,0,0.5,3)	3	1000	2	0	CMP	OPTIMAL	2.9886067499	2.9886067499	8.019	0	0	1000
HRC_cpsat_1000:MyLog	R(3,1000,2,0,0.5,4)	3	1000	2	0	CMP	OPTIMAL	2.9913098277	2.9913098277	8.252	0	0	1000
HRC_cpsat_1000:MyLog	R(5,1000,2,0,0.5,0)	5	1000	2	0	CMP	OPTIMAL	4.9774222175	4.9774222175	12.555	0	0	1000
HRC_cpsat_1000:MyLog	R(5,1000,2,0,0.5,1)	5	1000	2	0	CMP	OPTIMAL	4.9869750921	4.9869750921	12.274	0	0	1000
HRC_cpsat_1000:MyLog	R(5,1000,2,0,0.5,2)	5	1000	2	0	CMP	OPTIMAL	4.9875546767	4.9875546767	13.422	0	0	1000
HRC_cpsat_1000:MyLog	R(5,1000,2,0,0.5,3)	5	1000	2	0	CMP	OPTIMAL	4.9804823084	4.9804823084	12.634	0	0	1000
HRC_cpsat_1000:MyLog	R(5,1000,2,0,0.5,4)	5	1000	2	0	CMP	OPTIMAL	4.9827229087	4.9827229087	12.316	0	0	1000
HRC_cpsat_1000:MyLog	R(2,1000,4,0,0.5,0)	2	1000	4	0	CMP	OPTIMAL	2.8626514883	2.8626514883	22.367	0	0	1000
HRC_cpsat_1000:MyLog	R(2,1000,4,0,0.5,1)	2	1000	4	0	CMP	OPTIMAL	3.9809891246	3.9809891246	31.575	0	0	1000
HRC_cpsat_1000:MyLog	R(2,1000,4,0,0.5,2)	2	1000	4	0	CMP	OPTIMAL	2.8790303874	2.8790303874	17.26	0	0	1000
HRC_cpsat_1000:MyLog	R(2,1000,4,0,0.5,3)	2	1000	4	0	CMP	OPTIMAL	2.746769827	2.746769827	19.835	0	0	1000
HRC_cpsat_1000:MyLog	R(2,1000,4,0,0.5,4)	2	1000	4	0	CMP	OPTIMAL	2.8904663343	2.8904663343	17.55	0	0	1000
HRC_cpsat_1000:MyLog	R(3,1000,4,0,0.5,0)	3	1000	4	0	CMP	OPTIMAL	5.4631096686	5.4631096686	135.104	0	0	1000
HRC_cpsat_1000:MyLog	R(3,1000,4,0,0.5,1)	3	1000	4	0	CMP	OPTIMAL	5.1861151917	5.1861151917	61.038	0	0	1000
HRC_cpsat_1000:MyLog	R(3,1000,4,0,0.5,2)	3	1000	4	0	CMP	OPTIMAL	5.7157557017	5.7157557017	119.25	0	0	1000
HRC_cpsat_1000:MyLog	R(3,1000,4,0,0.5,3)	3	1000	4	0	CMP	OPTIMAL	3.9892247042	3.9892247042	118.044	0	0	1000
HRC_cpsat_1000:MyLog	R(3,1000,4,0,0.5,4)	3	1000	4	0	CMP	OPTIMAL	5.2085258727	5.2085258727	72.061	0	0	1000
HRC_cpsat_1000:MyLog	R(5,1000,4,0,0.5,0)	5	1000	4	0	CMP	OPTIMAL	8.5789635756	8.5789635756	609.366	0	0	1000
HRC_cpsat_1000:MyLog	R(5,1000,4,0,0.5,1)	5	1000	4	0	CMP	OPTIMAL	8.6464193052	8.6464193052	248.085	0	0	1000
HRC_cpsat_1000:MyLog	R(5,1000,4,0,0.5,2)	5	1000	4	0	CMP	OPTIMAL	9.9209396789	9.9209396789	176.051	0	0	1000
HRC_cpsat_1000:MyLog	R(5,1000,4,0,0.5,3)	5	1000	4	0	CMP	OPTIMAL	9.470072738	9.470072738	736.152	0	0	1000
HRC_cpsat_1000:MyLog	R(5,1000,4,0,0.5,4)	5	1000	4	0	CMP	OPTIMAL	9.4349714294	9.4349714294	269.733	0	0	1000
HRC_cpsat_1000:MyLog	R(2,1000,6,0,0.5,0)	2	1000	6	0	CMP	FEASIBLE	2.7182700255	3.876969427	1800.34	0	0	1000
HRC_cpsat_1000:MyLog	R(2,1000,6,0,0.5,1)	2	1000	6	0	CMP	FEASIBLE	2.0658009711	4.1607946666	1800.351	0	0	1000
HRC_cpsat_1000:MyLog	R(2,1000,6,0,0.5,2)	2	1000	6	0	CMP	FEASIBLE	2.7704271759	3.8423675117	1800.418	0	0	1000
HRC_cpsat_1000:MyLog	R(2,1000,6,0,0.5,3)	2	1000	6	0	CMP	FEASIBLE	2.8685036706	4.0039278789	1800.479	0	0	1000
HRC_cpsat_1000:MyLog	R(2,1000,6,0,0.5,4)	2	1000	6	0	CMP	FEASIBLE	3.6173086422	4.4860026196	1800.411	0	0	1000
HRC_cpsat_1000:MyLog	R(3,1000,6,0,0.5,0)	3	1000	6	0	CMP	FEASIBLE	3.5797903129	6.5020657923	1800.489	0	0	1000
HRC_cpsat_1000:MyLog	R(3,1000,6,0,0.5,1)	3	1000	6	0	CMP	FEASIBLE	3.5257461085	5.8074885197	1800.392	0	0	1000
HRC_cpsat_1000:MyLog	R(3,1000,6,0,0.5,2)	3	1000	6	0	CMP	FEASIBLE	4.4195236077	6.0497724293	1800.514	0	0	1000
HRC_cpsat_1000:MyLog	R(3,1000,6,0,0.5,3)	3	1000	6	0	CMP	FEASIBLE	2.6582208506	6.0057768788	1800.777	0	0	1000
HRC_cpsat_1000:MyLog	R(3,1000,6,0,0.5,4)	3	1000	6	0	CMP	FEASIBLE	3.2432849348	6.5054649129	1800.513	0	0	1000
HRC_cpsat_1000:MyLog	R(5,1000,6,0,0.5,0)	5	1000	6	0	CMP	FEASIBLE	5.2143140712	9.8231996316	1801.298	0	0	1000
HRC_cpsat_1000:MyLog	R(5,1000,6,0,0.5,1)	5	1000	6	0	CMP	FEASIBLE	4.674865186	9.9991748067	1800.532	0	0	1000
HRC_cpsat_1000:MyLog	R(5,1000,6,0,0.5,2)	5	1000	6	0	CMP	FEASIBLE	4.6728522912	11.1295866301	1800.558	0	0	1000
HRC_cpsat_1000:MyLog	R(5,1000,6,0,0.5,3)	5	1000	6	0	CMP	FEASIBLE	4.1267058319	9.7143789061	1800.548	0	0	1000
HRC_cpsat_1000:MyLog	R(5,1000,6,0,0.5,4)	5	1000	6	0	CMP	FEASIBLE	5.6069173185	10.0015108113	1800.581	0	0	1000
HRC_cpsat_10000:MyLog	R(2,10000,2,0,0.5,0)	2	10000	2	0	CMP	OPTIMAL	1.8057195576	1.8057195576	313.176	0	0	10000
HRC_cpsat_10000:MyLog	R(2,10000,2,0,0.5,1)	2	10000	2	0	CMP	OPTIMAL	1.9995021228	1.9995021228	320.022	0	0	10000
HRC_cpsat_10000:MyLog	R(2,10000,2,0,0.5,2)	2	10000	2	0	CMP	OPTIMAL	1.6367817024	1.6367817024	334.033	0	0	10000
HRC_cpsat_10000:MyLog	R(2,10000,2,0,0.5,3)	2	10000	2	0	CMP	OPTIMAL	1.9989743222	1.9989743222	316.838	0	0	10000
HRC_cpsat_10000:MyLog	R(2,10000,2,0,0.5,4)	2	10000	2	0	CMP	OPTIMAL	1.8538496192	1.8538496192	313.966	0	0	10000
HRC_cpsat_10000:MyLog	R(3,10000,2,0,0.5,0)	3	10000	2	0	CMP	OPTIMAL	2.9992971827	2.9992971827	474.984	0	0	10000
HRC_cpsat_10000:MyLog	R(3,10000,2,0,0.5,1)	3	10000	2	0	CMP	OPTIMAL	2.9993657099	2.9993657099	476.491	0	0	10000
HRC_cpsat_10000:MyLog	R(3,10000,2,0,0.5,2)	3	10000	2	0	CMP	OPTIMAL	2.9992075715	2.9992075715	474.523	0	0	10000
HRC_cpsat_10000:MyLog	R(3,10000,2,0,0.5,3)	3	10000	2	0	CMP	OPTIMAL	2.9986194875	2.9986194875	469.952	0	0	10000
HRC_cpsat_10000:MyLog	R(3,10000,2,0,0.5,4)	3	10000	2	0	CMP	OPTIMAL	2.9990577489	2.9990577489	473.539	0	0	10000
HRC_cpsat_10000:MyLog	R(5,10000,2,0,0.5,0)	5	10000	2	0	CMP	OPTIMAL	4.9981960975	4.9981960975	789.797	0	0	10000
HRC_cpsat_10000:MyLog	R(5,10000,2,0,0.5,1)	5	10000	2	0	CMP	OPTIMAL	4.9983015948	4.9983015948	791.068	0	0	10000
HRC_cpsat_10000:MyLog	R(5,10000,2,0,0.5,2)	5	10000	2	0	CMP	OPTIMAL	4.9980059284	4.9980059284	787.926	0	0	10000
HRC_cpsat_10000:MyLog	R(5,10000,2,0,0.5,3)	5	10000	2	0	CMP	OPTIMAL	4.9980993069	4.9980993069	791.884	0	0	10000
HRC_cpsat_10000:MyLog	R(5,10000,2,0,0.5,4)	5	10000	2	0	CMP	OPTIMAL	4.9975919861	4.9975919861	799.585	0	0	10000
HRC_cpsat_10000:MyLog	R(2,10000,4,0,0.5,0)	2	10000	4	0	CMP	OPTIMAL	2.8833021916	2.8833021916	1025.715	0	0	10000
HRC_cpsat_10000:MyLog	R(2,10000,4,0,0.5,1)	2	10000	4	0	CMP	OPTIMAL	3.9976592813	3.9976592813	995.248	0	0	10000
HRC_cpsat_10000:MyLog	R(2,10000,4,0,0.5,2)	2	10000	4	0	CMP	OPTIMAL	2.8898477056	2.8898477056	794.365	0	0	10000
HRC_cpsat_10000:MyLog	R(2,10000,4,0,0.5,3)	2	10000	4	0	CMP	OPTIMAL	2.7673211163	2.7673211163	1009.761	0	0	10000
HRC_cpsat_10000:MyLog	R(2,10000,4,0,0.5,4)	2	10000	4	0	CMP	OPTIMAL	2.9146549964	2.9146549964	848.915	0	0	10000
HRC_cpsat_10000:MyLog	R(3,10000,4,0,0.5,0)	3	10000	4	0	CMP	FEASIBLE	3.4499471824	5.5088275397	1803.71	0	0	10000
HRC_cpsat_10000:MyLog	R(3,10000,4,0,0.5,1)	3	10000	4	0	CMP	FEASIBLE	3.6232277014	5.2145694746	1801.317	0	0	10000
HRC_cpsat_10000:MyLog	R(3,10000,4,0,0.5,2)	3	10000	4	0	CMP	FEASIBLE	3.959619225	5.7358667238	1801.265	0	0	10000
HRC_cpsat_10000:MyLog	R(3,10000,4,0,0.5,3)	3	10000	4	0	CMP	FEASIBLE	2.4292504071	4.0075123015	1804.375	0	0	10000
HRC_cpsat_10000:MyLog	R(3,10000,4,0,0.5,4)	3	10000	4	0	CMP	FEASIBLE	3.4408261382	5.2348684938	1802.021	0	0	10000
HRC_cpsat_10000:MyLog	R(5,10000,4,0,0.5,0)	5	10000	4	0	CMP	FEASIBLE	0.1861634028	8.61309446	1836.072	0	0	10000
HRC_cpsat_10000:MyLog	R(5,10000,4,0,0.5,1)	5	10000	4	0	CMP	FEASIBLE	3.5673692113	9.7572982315	1806.327	0	0	10000
HRC_cpsat_10000:MyLog	R(5,10000,4,0,0.5,2)	5	10000	4	0	CMP	FEASIBLE	0.321581203	11.1547877247	1890.45	0	0	10000
HRC_cpsat_10000:MyLog	R(5,10000,4,0,0.5,3)	5	10000	4	0	CMP	FEASIBLE	1.2325583035	9.5041101682	1868.534	0	0	10000
HRC_cpsat_10000:MyLog	R(5,10000,4,0,0.5,4)	5	10000	4	0	CMP	FEASIBLE	3.8266690521	9.4714230243	1830.853	0	0	10000
HRC_cpsat_10000:MyLog	R(2,10000,6,0,0.5,0)	2	10000	6	0	CMP	FEASIBLE	1.6274025954	3.9165936683	1802.811	0	0	10000
HRC_cpsat_10000:MyLog	R(2,10000,6,0,0.5,1)	2	10000	6	0	CMP	FEASIBLE	0.674140251	4.2327716342	1809.998	0	0	10000
HRC_cpsat_10000:MyLog	R(2,10000,6,0,0.5,2)	2	10000	6	0	CMP	FEASIBLE	1.7522097788	3.8883601153	1855.124	0	0	10000
HRC_cpsat_10000:MyLog	R(2,10000,6,0,0.5,3)	2	10000	6	0	CMP	FEASIBLE	1.4617160958	4.048180197	1802.575	0	0	10000
HRC_cpsat_10000:MyLog	R(2,10000,6,0,0.5,4)	2	10000	6	0	CMP	FEASIBLE	2.0633951022	4.5183667299	1802.623	0	0	10000
HRC_cpsat_10000:MyLog	R(3,10000,6,0,0.5,0)	3	10000	6	0	CMP	FEASIBLE	1.6947237837	6.5548075934	1861.343	0	0	10000
HRC_cpsat_10000:MyLog	R(3,10000,6,0,0.5,1)	3	10000	6	0	CMP	FEASIBLE	1.5701388393	5.8587001071	1876.486	0	0	10000
HRC_cpsat_10000:MyLog	R(3,10000,6,0,0.5,2)	3	10000	6	0	CMP	FEASIBLE	2.2388776658	6.0957596913	1847.523	0	0	10000
HRC_cpsat_10000:MyLog	R(3,10000,6,0,0.5,3)	3	10000	6	0	CMP	FEASIBLE	1.2178281235	6.0357104217	1802.433	0	0	10000
HRC_cpsat_10000:MyLog	R(3,10000,6,0,0.5,4)	3	10000	6	0	CMP	FEASIBLE	2.1277323722	6.5525578331	1808.732	0	0	10000
HRC_cpsat_10000:MyLog	R(5,10000,6,0,0.5,0)	5	10000	6	0	CMP	NOSOLUTION	0.0	1.7976931348623157E308	1801.327	0	0	10000
HRC_cpsat_10000:MyLog	R(5,10000,6,0,0.5,1)	5	10000	6	0	CMP	NOSOLUTION	0.0	1.7976931348623157E308	1801.304	0	0	10000
HRC_cpsat_10000:MyLog	R(5,10000,6,0,0.5,2)	5	10000	6	0	CMP	NOSOLUTION	0.0	1.7976931348623157E308	1801.305	0	0	10000
HRC_cpsat_10000:MyLog	R(5,10000,6,0,0.5,3)	5	10000	6	0	CMP	NOSOLUTION	0.0	1.7976931348623157E308	1801.312	0	0	10000
HRC_cpsat_10000:MyLog	R(5,10000,6,0,0.5,4)	5	10000	6	0	CMP	NOSOLUTION	0.0	1.7976931348623157E308	1801.31	0	0	10000
HRC_cpsat_40:MyLog	R(2,40,2,0,0.5,0)	2	40	2	0	CMP	OPTIMAL	1.6971619699	1.6971619699	0.152	0	0	40
HRC_cpsat_40:MyLog	R(2,40,2,0,0.5,1)	2	40	2	0	CMP	OPTIMAL	1.8493253154	1.8493253154	0.13	0	0	40
HRC_cpsat_40:MyLog	R(2,40,2,0,0.5,2)	2	40	2	0	CMP	OPTIMAL	1.5298309391	1.5298309391	0.126	0	0	40
HRC_cpsat_40:MyLog	R(2,40,2,0,0.5,3)	2	40	2	0	CMP	OPTIMAL	1.8267250163	1.8267250163	0.131	0	0	40
HRC_cpsat_40:MyLog	R(2,40,2,0,0.5,4)	2	40	2	0	CMP	OPTIMAL	1.6211481265	1.6211481265	0.128	0	0	40
HRC_cpsat_40:MyLog	R(3,40,2,0,0.5,0)	3	40	2	0	CMP	OPTIMAL	2.886872812	2.886872812	0.16	0	0	40
HRC_cpsat_40:MyLog	R(3,40,2,0,0.5,1)	3	40	2	0	CMP	OPTIMAL	2.8597297337	2.8597297337	0.159	0	0	40
HRC_cpsat_40:MyLog	R(3,40,2,0,0.5,2)	3	40	2	0	CMP	OPTIMAL	2.7424672975	2.7424672975	0.16	0	0	40
HRC_cpsat_40:MyLog	R(3,40,2,0,0.5,3)	3	40	2	0	CMP	OPTIMAL	2.7774540526	2.7774540526	0.155	0	0	40
HRC_cpsat_40:MyLog	R(3,40,2,0,0.5,4)	3	40	2	0	CMP	OPTIMAL	2.6251133536	2.6251133536	0.161	0	0	40
HRC_cpsat_40:MyLog	R(5,40,2,0,0.5,0)	5	40	2	0	CMP	OPTIMAL	4.6098263186	4.6098263186	0.229	0	0	40
HRC_cpsat_40:MyLog	R(5,40,2,0,0.5,1)	5	40	2	0	CMP	OPTIMAL	4.5961390401	4.5961390401	0.237	0	0	40
HRC_cpsat_40:MyLog	R(5,40,2,0,0.5,2)	5	40	2	0	CMP	OPTIMAL	4.5636979978	4.5636979978	0.238	0	0	40
HRC_cpsat_40:MyLog	R(5,40,2,0,0.5,3)	5	40	2	0	CMP	OPTIMAL	4.5657592762	4.5657592762	0.229	0	0	40
HRC_cpsat_40:MyLog	R(5,40,2,0,0.5,4)	5	40	2	0	CMP	OPTIMAL	4.6120661168	4.6120661168	0.226	0	0	40
HRC_cpsat_40:MyLog	R(2,40,4,0,0.5,0)	2	40	4	0	CMP	OPTIMAL	2.3193105511	2.3193105511	0.478	0	0	40
HRC_cpsat_40:MyLog	R(2,40,4,0,0.5,1)	2	40	4	0	CMP	OPTIMAL	3.1850580696	3.1850580696	0.424	0	0	40
HRC_cpsat_40:MyLog	R(2,40,4,0,0.5,2)	2	40	4	0	CMP	OPTIMAL	2.3993201678	2.3993201678	0.522	0	0	40
HRC_cpsat_40:MyLog	R(2,40,4,0,0.5,3)	2	40	4	0	CMP	OPTIMAL	2.0699251712	2.0699251712	0.425	0	0	40
HRC_cpsat_40:MyLog	R(2,40,4,0,0.5,4)	2	40	4	0	CMP	OPTIMAL	2.2240745704	2.2240745704	0.431	0	0	40
HRC_cpsat_40:MyLog	R(3,40,4,0,0.5,0)	3	40	4	0	CMP	OPTIMAL	4.5798582031	4.5798582031	1.351	0	0	40
HRC_cpsat_40:MyLog	R(3,40,4,0,0.5,1)	3	40	4	0	CMP	OPTIMAL	4.149805227	4.149805227	0.644	0	0	40
HRC_cpsat_40:MyLog	R(3,40,4,0,0.5,2)	3	40	4	0	CMP	OPTIMAL	4.8458471063	4.8458471063	0.807	0	0	40
HRC_cpsat_40:MyLog	R(3,40,4,0,0.5,3)	3	40	4	0	CMP	OPTIMAL	3.5933815426	3.5933815426	2.281	0	0	40
HRC_cpsat_40:MyLog	R(3,40,4,0,0.5,4)	3	40	4	0	CMP	OPTIMAL	4.1186795008	4.1186795008	0.613	0	0	40
HRC_cpsat_40:MyLog	R(5,40,4,0,0.5,0)	5	40	4	0	CMP	OPTIMAL	7.4837817807	7.4837817807	5.209	0	0	40
HRC_cpsat_40:MyLog	R(5,40,4,0,0.5,1)	5	40	4	0	CMP	OPTIMAL	7.0515357601	7.0515357601	3.113	0	0	40
HRC_cpsat_40:MyLog	R(5,40,4,0,0.5,2)	5	40	4	0	CMP	OPTIMAL	7.8203352082	7.8203352082	1.2	0	0	40
HRC_cpsat_40:MyLog	R(5,40,4,0,0.5,3)	5	40	4	0	CMP	OPTIMAL	8.2537637445	8.2537637445	3.783	0	0	40
HRC_cpsat_40:MyLog	R(5,40,4,0,0.5,4)	5	40	4	0	CMP	OPTIMAL	8.1173565958	8.1173565958	3.159	0	0	40
HRC_cpsat_40:MyLog	R(2,40,6,0,0.5,0)	2	40	6	0	CMP	OPTIMAL	3.2655676657	3.2655676657	29.429	0	0	40
HRC_cpsat_40:MyLog	R(2,40,6,0,0.5,1)	2	40	6	0	CMP	OPTIMAL	2.7018209462	2.7018209462	228.467	0	0	40
HRC_cpsat_40:MyLog	R(2,40,6,0,0.5,2)	2	40	6	0	CMP	OPTIMAL	2.7289925703	2.7289925703	32.872	0	0	40
HRC_cpsat_40:MyLog	R(2,40,6,0,0.5,3)	2	40	6	0	CMP	OPTIMAL	2.4555320403	2.4555320403	2.145	0	0	40
HRC_cpsat_40:MyLog	R(2,40,6,0,0.5,4)	2	40	6	0	CMP	OPTIMAL	3.3388939346	3.3388939346	13.354	0	0	40
HRC_cpsat_40:MyLog	R(3,40,6,0,0.5,0)	3	40	6	0	CMP	OPTIMAL	5.3582324473	5.3582324473	267.339	0	0	40
HRC_cpsat_40:MyLog	R(3,40,6,0,0.5,1)	3	40	6	0	CMP	OPTIMAL	4.4408269682	4.4408269682	374.475	0	0	40
HRC_cpsat_40:MyLog	R(3,40,6,0,0.5,2)	3	40	6	0	CMP	OPTIMAL	5.1874391583	5.1874391583	276.755	0	0	40
HRC_cpsat_40:MyLog	R(3,40,6,0,0.5,3)	3	40	6	0	CMP	OPTIMAL	4.312255759	4.312255759	259.292	0	0	40
HRC_cpsat_40:MyLog	R(3,40,6,0,0.5,4)	3	40	6	0	CMP	OPTIMAL	4.6373485978	4.6373485978	43.549	0	0	40
HRC_cpsat_40:MyLog	R(5,40,6,0,0.5,0)	5	40	6	0	CMP	FEASIBLE	6.5799506942	8.8572636185	1800.14	0	0	40
HRC_cpsat_40:MyLog	R(5,40,6,0,0.5,1)	5	40	6	0	CMP	OPTIMAL	8.1860527865	8.1860527865	423.677	0	0	40
HRC_cpsat_40:MyLog	R(5,40,6,0,0.5,2)	5	40	6	0	CMP	OPTIMAL	8.7947684179	8.7947684179	235.648	0	0	40
HRC_cpsat_40:MyLog	R(5,40,6,0,0.5,3)	5	40	6	0	CMP	OPTIMAL	7.6567822371	7.6567822371	907.689	0	0	40
HRC_cpsat_40:MyLog	R(5,40,6,0,0.5,4)	5	40	6	0	CMP	OPTIMAL	8.6573538622	8.6573538622	678.571	0	0	40
HRC_cpsat_400:MyLog	R(2,400,2,0,0.5,0)	2	400	2	0	CMP	OPTIMAL	1.7861487413	1.7861487413	2.237	0	0	400
HRC_cpsat_400:MyLog	R(2,400,2,0,0.5,1)	2	400	2	0	CMP	OPTIMAL	1.9885100121	1.9885100121	2.175	0	0	400
HRC_cpsat_400:MyLog	R(2,400,2,0,0.5,2)	2	400	2	0	CMP	OPTIMAL	1.6175016263	1.6175016263	2.232	0	0	400
HRC_cpsat_400:MyLog	R(2,400,2,0,0.5,3)	2	400	2	0	CMP	OPTIMAL	1.9843477173	1.9843477173	2.147	0	0	400
HRC_cpsat_400:MyLog	R(2,400,2,0,0.5,4)	2	400	2	0	CMP	OPTIMAL	1.8437867187	1.8437867187	2.14	0	0	400
HRC_cpsat_400:MyLog	R(3,400,2,0,0.5,0)	3	400	2	0	CMP	OPTIMAL	2.9778484588	2.9778484588	3.207	0	0	400
HRC_cpsat_400:MyLog	R(3,400,2,0,0.5,1)	3	400	2	0	CMP	OPTIMAL	2.966983817	2.966983817	3.193	0	0	400
HRC_cpsat_400:MyLog	R(3,400,2,0,0.5,2)	3	400	2	0	CMP	OPTIMAL	2.9816448981	2.9816448981	3.394	0	0	400
HRC_cpsat_400:MyLog	R(3,400,2,0,0.5,3)	3	400	2	0	CMP	OPTIMAL	2.9769965046	2.9769965046	3.198	0	0	400
HRC_cpsat_400:MyLog	R(3,400,2,0,0.5,4)	3	400	2	0	CMP	OPTIMAL	2.9649097948	2.9649097948	3.26	0	0	400
HRC_cpsat_400:MyLog	R(5,400,2,0,0.5,0)	5	400	2	0	CMP	OPTIMAL	4.9548442279	4.9548442279	4.565	0	0	400
HRC_cpsat_400:MyLog	R(5,400,2,0,0.5,1)	5	400	2	0	CMP	OPTIMAL	4.9368521867	4.9368521867	4.431	0	0	400
HRC_cpsat_400:MyLog	R(5,400,2,0,0.5,2)	5	400	2	0	CMP	OPTIMAL	4.9602052798	4.9602052798	4.454	0	0	400
HRC_cpsat_400:MyLog	R(5,400,2,0,0.5,3)	5	400	2	0	CMP	OPTIMAL	4.9570112107	4.9570112107	4.346	0	0	400
HRC_cpsat_400:MyLog	R(5,400,2,0,0.5,4)	5	400	2	0	CMP	OPTIMAL	4.9632953556	4.9632953556	4.198	0	0	400
HRC_cpsat_400:MyLog	R(2,400,4,0,0.5,0)	2	400	4	0	CMP	OPTIMAL	2.8000717784	2.8000717784	5.081	0	0	400
HRC_cpsat_400:MyLog	R(2,400,4,0,0.5,1)	2	400	4	0	CMP	OPTIMAL	3.9533284335	3.9533284335	7.334	0	0	400
HRC_cpsat_400:MyLog	R(2,400,4,0,0.5,2)	2	400	4	0	CMP	OPTIMAL	2.8546837651	2.8546837651	4.097	0	0	400
HRC_cpsat_400:MyLog	R(2,400,4,0,0.5,3)	2	400	4	0	CMP	OPTIMAL	2.7198485228	2.7198485228	4.696	0	0	400
HRC_cpsat_400:MyLog	R(2,400,4,0,0.5,4)	2	400	4	0	CMP	OPTIMAL	2.8700826771	2.8700826771	3.783	0	0	400
HRC_cpsat_400:MyLog	R(3,400,4,0,0.5,0)	3	400	4	0	CMP	OPTIMAL	5.4004184999	5.4004184999	36.352	0	0	400
HRC_cpsat_400:MyLog	R(3,400,4,0,0.5,1)	3	400	4	0	CMP	OPTIMAL	5.1086261111	5.1086261111	15.291	0	0	400
HRC_cpsat_400:MyLog	R(3,400,4,0,0.5,2)	3	400	4	0	CMP	OPTIMAL	5.6968030408	5.6968030408	25.455	0	0	400
HRC_cpsat_400:MyLog	R(3,400,4,0,0.5,3)	3	400	4	0	CMP	OPTIMAL	3.9559973737	3.9559973737	24.773	0	0	400
HRC_cpsat_400:MyLog	R(3,400,4,0,0.5,4)	3	400	4	0	CMP	OPTIMAL	5.1390523907	5.1390523907	13.87	0	0	400
HRC_cpsat_400:MyLog	R(5,400,4,0,0.5,0)	5	400	4	0	CMP	OPTIMAL	8.5115616453	8.5115616453	141.802	0	0	400
HRC_cpsat_400:MyLog	R(5,400,4,0,0.5,1)	5	400	4	0	CMP	OPTIMAL	8.5154307166	8.5154307166	62.734	0	0	400
HRC_cpsat_400:MyLog	R(5,400,4,0,0.5,2)	5	400	4	0	CMP	OPTIMAL	9.8174976675	9.8174976675	33.755	0	0	400
HRC_cpsat_400:MyLog	R(5,400,4,0,0.5,3)	5	400	4	0	CMP	OPTIMAL	9.4313213482	9.4313213482	195.92	0	0	400
HRC_cpsat_400:MyLog	R(5,400,4,0,0.5,4)	5	400	4	0	CMP	OPTIMAL	9.3873321018	9.3873321018	66.84	0	0	400
HRC_cpsat_400:MyLog	R(2,400,6,0,0.5,0)	2	400	6	0	CMP	OPTIMAL	3.7821482114	3.7821482114	1680.118	0	0	400
HRC_cpsat_400:MyLog	R(2,400,6,0,0.5,1)	2	400	6	0	CMP	FEASIBLE	2.228344573	4.0777397772	1800.385	0	0	400
HRC_cpsat_400:MyLog	R(2,400,6,0,0.5,2)	2	400	6	0	CMP	OPTIMAL	3.7709087898	3.7709087898	835.3	0	0	400
HRC_cpsat_400:MyLog	R(2,400,6,0,0.5,3)	2	400	6	0	CMP	OPTIMAL	3.9366609041	3.9366609041	956.297	0	0	400
HRC_cpsat_400:MyLog	R(2,400,6,0,0.5,4)	2	400	6	0	CMP	OPTIMAL	4.4091544845	4.4091544845	643.308	0	0	400
HRC_cpsat_400:MyLog	R(3,400,6,0,0.5,0)	3	400	6	0	CMP	FEASIBLE	4.0421116821	6.4355211238	1800.251	0	0	400
HRC_cpsat_400:MyLog	R(3,400,6,0,0.5,1)	3	400	6	0	CMP	FEASIBLE	3.8551628704	5.7567077163	1800.27	0	0	400
HRC_cpsat_400:MyLog	R(3,400,6,0,0.5,2)	3	400	6	0	CMP	FEASIBLE	4.7072428582	5.9670173447	1801.132	0	0	400
HRC_cpsat_400:MyLog	R(3,400,6,0,0.5,3)	3	400	6	0	CMP	FEASIBLE	3.2298347287	5.9508990753	1800.216	0	0	400
HRC_cpsat_400:MyLog	R(3,400,6,0,0.5,4)	3	400	6	0	CMP	FEASIBLE	3.758605643	6.4578103211	1800.441	0	0	400
HRC_cpsat_400:MyLog	R(5,400,6,0,0.5,0)	5	400	6	0	CMP	FEASIBLE	6.0482075057	9.6996767266	1800.523	0	0	400
HRC_cpsat_400:MyLog	R(5,400,6,0,0.5,1)	5	400	6	0	CMP	FEASIBLE	6.2043979627	9.8910978369	1800.254	0	0	400
HRC_cpsat_400:MyLog	R(5,400,6,0,0.5,2)	5	400	6	0	CMP	FEASIBLE	5.7339459365	11.0858082657	1800.292	0	0	400
HRC_cpsat_400:MyLog	R(5,400,6,0,0.5,3)	5	400	6	0	CMP	FEASIBLE	4.5622536028	9.6490920768	1800.486	0	0	400
HRC_cpsat_400:MyLog	R(5,400,6,0,0.5,4)	5	400	6	0	CMP	FEASIBLE	6.2379102274	9.9586118903	1800.287	0	0	400
HRC_cpsat_4000:MyLog	R(2,4000,2,0,0.5,0)	2	4000	2	0	CMP	OPTIMAL	1.8042108827	1.8042108827	55.399	0	0	4000
HRC_cpsat_4000:MyLog	R(2,4000,2,0,0.5,1)	2	4000	2	0	CMP	OPTIMAL	1.9983631793	1.9983631793	52.664	0	0	4000
HRC_cpsat_4000:MyLog	R(2,4000,2,0,0.5,2)	2	4000	2	0	CMP	OPTIMAL	1.6361342403	1.6361342403	56.407	0	0	4000
HRC_cpsat_4000:MyLog	R(2,4000,2,0,0.5,3)	2	4000	2	0	CMP	OPTIMAL	1.9980604326	1.9980604326	57.375	0	0	4000
HRC_cpsat_4000:MyLog	R(2,4000,2,0,0.5,4)	2	4000	2	0	CMP	OPTIMAL	1.8533386457	1.8533386457	56.34	0	0	4000
HRC_cpsat_4000:MyLog	R(3,4000,2,0,0.5,0)	3	4000	2	0	CMP	OPTIMAL	2.9960367602	2.9960367602	83.663	0	0	4000
HRC_cpsat_4000:MyLog	R(3,4000,2,0,0.5,1)	3	4000	2	0	CMP	OPTIMAL	2.996386376	2.996386376	78.269	0	0	4000
HRC_cpsat_4000:MyLog	R(3,4000,2,0,0.5,2)	3	4000	2	0	CMP	OPTIMAL	2.997688422	2.997688422	82.148	0	0	4000
HRC_cpsat_4000:MyLog	R(3,4000,2,0,0.5,3)	3	4000	2	0	CMP	OPTIMAL	2.9965521975	2.9965521975	77.322	0	0	4000
HRC_cpsat_4000:MyLog	R(3,4000,2,0,0.5,4)	3	4000	2	0	CMP	OPTIMAL	2.9969481359	2.9969481359	83.078	0	0	4000
HRC_cpsat_4000:MyLog	R(5,4000,2,0,0.5,0)	5	4000	2	0	CMP	OPTIMAL	4.9953798818	4.9953798818	139.059	0	0	4000
HRC_cpsat_4000:MyLog	R(5,4000,2,0,0.5,1)	5	4000	2	0	CMP	OPTIMAL	4.9953922976	4.9953922976	143.189	0	0	4000
HRC_cpsat_4000:MyLog	R(5,4000,2,0,0.5,2)	5	4000	2	0	CMP	OPTIMAL	4.9951804224	4.9951804224	131.113	0	0	4000
HRC_cpsat_4000:MyLog	R(5,4000,2,0,0.5,3)	5	4000	2	0	CMP	OPTIMAL	4.9934604038	4.9934604038	128.199	0	0	4000
HRC_cpsat_4000:MyLog	R(5,4000,2,0,0.5,4)	5	4000	2	0	CMP	OPTIMAL	4.9951181983	4.9951181983	146.756	0	0	4000
HRC_cpsat_4000:MyLog	R(2,4000,4,0,0.5,0)	2	4000	4	0	CMP	OPTIMAL	2.8788643916	2.8788643916	215.715	0	0	4000
HRC_cpsat_4000:MyLog	R(2,4000,4,0,0.5,1)	2	4000	4	0	CMP	OPTIMAL	3.9935052001	3.9935052001	206.923	0	0	4000
HRC_cpsat_4000:MyLog	R(2,4000,4,0,0.5,2)	2	4000	4	0	CMP	OPTIMAL	2.8870651602	2.8870651602	182.896	0	0	4000
HRC_cpsat_4000:MyLog	R(2,4000,4,0,0.5,3)	2	4000	4	0	CMP	OPTIMAL	2.7604969064	2.7604969064	185.63	0	0	4000
HRC_cpsat_4000:MyLog	R(2,4000,4,0,0.5,4)	2	4000	4	0	CMP	OPTIMAL	2.9112397522	2.9112397522	168.432	0	0	4000
HRC_cpsat_4000:MyLog	R(3,4000,4,0,0.5,0)	3	4000	4	0	CMP	OPTIMAL	5.5043774949	5.5043774949	1502.374	0	0	4000
HRC_cpsat_4000:MyLog	R(3,4000,4,0,0.5,1)	3	4000	4	0	CMP	OPTIMAL	5.2063486749	5.2063486749	677.302	0	0	4000
HRC_cpsat_4000:MyLog	R(3,4000,4,0,0.5,2)	3	4000	4	0	CMP	OPTIMAL	5.7317389202	5.7317389202	972.453	0	0	4000
HRC_cpsat_4000:MyLog	R(3,4000,4,0,0.5,3)	3	4000	4	0	CMP	OPTIMAL	4.0027999528	4.0027999528	1435.96	0	0	4000
HRC_cpsat_4000:MyLog	R(3,4000,4,0,0.5,4)	3	4000	4	0	CMP	OPTIMAL	5.2308177389	5.2308177389	500.54	0	0	4000
HRC_cpsat_4000:MyLog	R(5,4000,4,0,0.5,0)	5	4000	4	0	CMP	FEASIBLE	5.8191243685	8.6088110529	1816.241	0	0	4000
HRC_cpsat_4000:MyLog	R(5,4000,4,0,0.5,1)	5	4000	4	0	CMP	FEASIBLE	5.630664531	8.6839931665	1808.781	0	0	4000
HRC_cpsat_4000:MyLog	R(5,4000,4,0,0.5,2)	5	4000	4	0	CMP	OPTIMAL	9.9806712425	9.9806712425	1205.182	0	0	4000
HRC_cpsat_4000:MyLog	R(5,4000,4,0,0.5,3)	5	4000	4	0	CMP	FEASIBLE	6.27243973	9.4984890906	1801.522	0	0	4000
HRC_cpsat_4000:MyLog	R(5,4000,4,0,0.5,4)	5	4000	4	0	CMP	FEASIBLE	6.7971508983	9.4678984052	1801.113	0	0	4000
HRC_cpsat_4000:MyLog	R(2,4000,6,0,0.5,0)	2	4000	6	0	CMP	FEASIBLE	2.1426259938	3.910572247	1801.091	0	0	4000
HRC_cpsat_4000:MyLog	R(2,4000,6,0,0.5,1)	2	4000	6	0	CMP	FEASIBLE	1.101810534	4.2271290847	1801.782	0	0	4000
HRC_cpsat_4000:MyLog	R(2,4000,6,0,0.5,2)	2	4000	6	0	CMP	FEASIBLE	2.2590972557	3.8827150571	1801.337	0	0	4000
HRC_cpsat_4000:MyLog	R(2,4000,6,0,0.5,3)	2	4000	6	0	CMP	FEASIBLE	2.1775875181	4.0344855859	1803.712	0	0	4000
HRC_cpsat_4000:MyLog	R(2,4000,6,0,0.5,4)	2	4000	6	0	CMP	FEASIBLE	2.6740780179	4.5123902539	1803.272	0	0	4000
HRC_cpsat_4000:MyLog	R(3,4000,6,0,0.5,0)	3	4000	6	0	CMP	FEASIBLE	2.3450486608	6.5478681313	1757.303	0	0	4000
HRC_cpsat_4000:MyLog	R(3,4000,6,0,0.5,1)	3	4000	6	0	CMP	FEASIBLE	2.7228243532	5.8476280242	1801.455	0	0	4000
HRC_cpsat_4000:MyLog	R(3,4000,6,0,0.5,2)	3	4000	6	0	CMP	FEASIBLE	3.2324681679	6.089011219	1803.121	0	0	4000
HRC_cpsat_4000:MyLog	R(3,4000,6,0,0.5,3)	3	4000	6	0	CMP	FEASIBLE	1.9411759143	6.0310908138	1802.217	0	0	4000
HRC_cpsat_4000:MyLog	R(3,4000,6,0,0.5,4)	3	4000	6	0	CMP	FEASIBLE	2.6506581995	6.5429955634	1801.575	0	0	4000
HRC_cpsat_4000:MyLog	R(5,4000,6,0,0.5,0)	5	4000	6	0	CMP	FEASIBLE	4.020033842	9.8632860146	1802.017	0	0	4000
HRC_cpsat_4000:MyLog	R(5,4000,6,0,0.5,1)	5	4000	6	0	CMP	FEASIBLE	3.6973064935	10.0485696924	1821.032	0	0	4000
HRC_cpsat_4000:MyLog	R(5,4000,6,0,0.5,2)	5	4000	6	0	CMP	FEASIBLE	3.2274895763	11.1734575173	1807.843	0	0	4000
HRC_cpsat_4000:MyLog	R(5,4000,6,0,0.5,3)	5	4000	6	0	CMP	FEASIBLE	2.3244920119	9.7557218448	1810.92	0	0	4000
HRC_cpsat_4000:MyLog	R(5,4000,6,0,0.5,4)	5	4000	6	0	CMP	FEASIBLE	3.976864645	10.0599942403	1803.393	0	0	4000
